1300901
2018-07-16
422
28.7
44.5
756.8
36787.601500676            279902.0        1332.6
36787.701500622            279886.0        1423.7
36787.801500692            280082.0        1359.0
36787.901500637            279973.0        1402.2
36788.001500708            279974.0        1359.9
36788.101500653            279961.0        1350.3
36788.201500723            279985.0        1346.2
36788.301500669            280087.0        1363.6
36788.401500739            280066.0        1281.7
36788.501500685            280008.0        1352.8
36788.601500630            279943.0        1337.7
36788.701500700            279964.0        1450.1
36788.801500646            279993.0        1311.1
36788.901500716            279953.0        1318.9
36789.001500662            280027.0        1405.2
36789.101500732            279942.0        1420.7
36789.201500677            280012.0        1355.9
36789.301500622            280133.0        1385.2
36789.401500693            279956.0        1383.3
36789.501500638            280041.0        1381.5
36789.601500708            280032.0        1358.5
36789.701500654            280016.0        1369.6
36789.801500724            280160.0        1292.4
36789.901500670            279952.0        1350.2
36790.001500740            280051.0        1352.8
36790.101500685            279964.0        1474.5
36790.201500630            280014.0        1351.4
36790.301500701            280102.0        1302.5
36790.401500646            280124.0        1348.1
36790.501500716            279993.0        1339.7
36790.601500662            279962.0        1412.2
36790.701500732            280070.0        1348.3
36790.801500677            280093.0        1417.1
36790.901500623            279921.0        1394.1
36791.001500693            279878.0        1398.8
36791.101500638            280028.0        1364.8
36791.201500708            280006.0        1326.0
36791.301500654            279974.0        1422.4
36791.401500724            280272.0        1303.5
36791.501500669            280014.0        1342.4
36791.601500739            280052.0        1397.8
36791.701500685            279983.0        1357.3
36791.801500630            279993.0        1411.0
36791.901500700            280106.0        1302.7
36792.001500646            279875.0        1397.6
36792.101500716            280072.0        1236.2
36792.201500661            280119.0        1274.9
36792.301500731            280060.0        1370.3
36792.401500677            280087.0        1286.6
36792.501500622            279992.0        1344.6
36792.601500692            280096.0        1305.2
36792.701500637            280000.0        1430.8
36792.801500708            280000.0        1337.4
36792.901500653            280077.0        1304.6
36793.001500723            279984.0        1363.4
36793.101500668            280007.0        1351.6
36793.201500739            280046.0        1286.0
36793.301500684            280092.0        1392.7
36793.401500629            280072.0        1338.8
36793.501500699            279988.0        1348.2
36793.601500645            280188.0        1261.4
36793.701500715            280154.0        1262.7
36793.801500660            280066.0        1341.5
36793.901500730            280000.0        1339.1
36794.001500675            280221.0        1372.0
36794.101500621            280013.0        1345.4
36794.201500691            280015.0        1408.6
36794.301500636            280020.0        1387.5
36794.401500706            280182.0        1356.1
36794.501500651            279954.0        1255.2
36794.601500722            279938.0        1333.6
36794.701500667            280040.0        1323.3
36794.801500737            280161.0        1286.4
36794.901500682            280037.0        1218.6
36795.001500628            279886.0        1377.6
36795.101500698            279955.0        1408.1
36795.201500643            280008.0        1395.8
36795.301500713            280023.0        1374.0
36795.401500658            280086.0        1320.7
36795.501500729            280085.0        1376.7
36795.601500674            280022.0        1316.5
36795.701500619            279970.0        1394.4
36795.801500689            280250.0        1278.0
36795.901500634            279905.0        1354.0
36796.001500704            280134.0        1386.6
36796.101500649            280047.0        1395.1
36796.201500719            280047.0        1396.3
36796.301500664            280016.0        1352.9
36796.401500735            280042.0        1259.8
36796.501500680            279932.0        1324.5
36796.601500625            280094.0        1357.0
36796.701500695            279990.0        1399.0
36796.801500640            280174.0        1323.2
36796.901500710            279957.0        1286.1
36797.001500655            280060.0        1246.6
36797.101500725            280023.0        1358.9
36797.201500670            280119.0        1316.9
36797.301500741            280208.0        1255.4
36797.401500686            280007.0        1397.0
36797.501500631            280000.0        1362.1
36797.601500701            280090.0        1398.1
36797.701500646            280006.0        1357.8
36797.801500716            280062.0        1365.9
36797.901500661            280136.0        1288.9
36798.001500731            279985.0        1447.0
36798.101500676            279795.0        1396.5
36798.201500621            280013.0        1315.8
36798.301500691            280048.0        1293.0
36798.401500636            280054.0        1407.6
36798.501500706            279981.0        1347.3
36798.601500651            279849.0        1388.5
36798.701500721            279959.0        1430.6
36798.801500666            279975.0        1402.7
36798.901500736            279883.0        1405.6
36799.001500681            280048.0        1354.7
36799.101500626            279863.0        1396.8
36799.201500696            280092.0        1300.7
36799.301500641            279918.0        1384.2
36799.401500711            279952.0        1369.9
36799.501500656            279864.0        1380.2
36799.601500726            279849.0        1419.6
36799.701500671            280102.0        1351.2
36799.801500741            280146.0        1124.2
36799.901500686            279894.0        1375.0
36800.001500631            280055.0        1297.2
36800.101500701            280020.0        1320.3
36800.201500646            279922.0        1295.6
36800.301500716            280047.0        1367.6
36800.401500661            280028.0        1311.6
36800.501500731            279993.0        1389.4
36800.601500676            279974.0        1343.7
36800.701500746            279973.0        1347.7
36800.801500691            279952.0        1363.5
36800.901500636            279981.0        1387.0
36801.001500706            280059.0        1295.3
36801.101500651            279965.0        1306.5
36801.201500721            280081.0        1363.9
36801.301500666            280162.0        1354.1
36801.401500736            279956.0        1311.8
36801.501500681            280041.0        1379.3
36801.601500626            279928.0        1367.7
36801.701500696            279988.0        1315.3
36801.801500641            279905.0        1304.0
36801.901500711            280129.0        1328.1
36802.001500656            279981.0        1319.4
36802.101500726            279961.0        1409.0
36802.201500671            280088.0        1433.3
36802.301500741            279993.0        1366.9
36802.401500686            279905.0        1438.8
36802.501500631            279980.0        1303.4
36802.601500701            279953.0        1362.4
36802.701500645            280085.0        1276.5
36802.801500716            279979.0        1348.4
36802.901500660            280041.0        1296.1
36803.001500730            280056.0        1322.4
36803.101500675            279948.0        1344.4
36803.201500745            280051.0        1359.8
36803.301500690            279927.0        1383.9
36803.401500635            280070.0        1324.1
36803.501500705            280072.0        1414.7
36803.601500650            279960.0        1356.7
36803.701500720            280008.0        1305.4
36803.801500664            280008.0        1370.6
36803.901500734            279874.0        1362.4
36804.001500679            280006.0        1328.6
36804.101500749            279980.0        1357.2
36804.201500694            280000.0        1348.2
36804.301500639            280029.0        1299.9
36804.401500709            279967.0        1336.6
36804.501500653            279969.0        1318.4
36804.601500723            279855.0        1459.3
36804.701500668            280175.0        1291.2
36804.801500738            279946.0        1376.4
36804.901500683            280124.0        1250.4
36805.001500753            280040.0        1356.1
36805.101500698            279918.0        1403.2
36805.201500643            280007.0        1360.6
36805.301500712            279894.0        1338.2
36805.401500657            279986.0        1275.6
36805.501500727            279987.0        1327.0
36805.601500672            280000.0        1231.8
36805.701500742            280049.0        1344.5
36805.801500686            279981.0        1341.7
36805.901500631            279919.0        1403.4
36806.001500701            280008.0        1397.1
36806.101500646            280118.0        1260.2
36806.201500715            279880.0        1398.8
36806.301500660            280131.0        1363.5
36806.401500730            279993.0        1391.1
36806.501500675            279976.0        1395.4
36806.601500744            280049.0        1379.0
36806.701500689            280116.0        1259.1
36806.801500634            280154.0        1336.5
36806.901500704            279991.0        1264.3
36807.001500649            280102.0        1299.0
36807.101500718            279980.0        1332.2
36807.201500663            280036.0        1306.1
36807.301500733            280083.0        1371.9
36807.401500678            280078.0        1276.4
36807.501500747            280061.0        1313.0
36807.601500692            279947.0        1305.3
36807.701500637            279798.0        1347.5
36807.801500707            279974.0        1392.9
36807.901500651            279904.0        1398.5
36808.001500721            279946.0        1392.0
36808.101500666            280066.0        1309.9
36808.201500736            279938.0        1361.6
36808.301500680            279963.0        1375.6
36808.401500750            279984.0        1331.3
36808.501500695            280044.0        1310.2
36808.601500640            279973.0        1318.3
36808.701500709            280060.0        1332.2
36808.801500654            280091.0        1390.5
36808.901500724            280080.0        1267.2
36809.001500669            280193.0        1318.2
36809.101500739            280013.0        1313.3
36809.201500683            280007.0        1368.5
36809.301500753            280095.0        1333.7
36809.401500698            280027.0        1328.5
36809.501500643            279993.0        1326.5
36809.601500712            279969.0        1294.2
36809.701500657            279945.0        1421.6
36809.801500727            279960.0        1390.8
36809.901500671            280021.0        1373.2
36810.001500741            279974.0        1385.8
36810.101500686            280000.0        1312.3
36810.201500631            280000.0        1365.3
36810.301500700            279964.0        1317.9
36810.401500645            280123.0        1355.2
36810.501500715            280026.0        1282.3
36810.601500660            280041.0        1377.6
36810.701500729            280094.0        1303.2
36810.801500674            279923.0        1326.5
36810.901500744            280049.0        1349.9
36811.001500688            279940.0        1375.1
36811.101500633            280125.0        1325.7
36811.201500703            280008.0        1229.3
36811.301500647            279919.0        1360.4
36811.401500717            280032.0        1373.4
36811.501500662            280000.0        1358.7
36811.601500731            279917.0        1410.0
36811.701500676            279901.0        1299.1
36811.801500746            280037.0        1350.9
36811.901500690            280015.0        1352.8
36812.001500635            280095.0        1299.4
36812.101500704            279975.0        1392.7
36812.201500649            279920.0        1374.5
36812.301500719            279946.0        1374.0
36812.401500663            280139.0        1275.3
36812.501500733            279982.0        1314.2
36812.601500678            279955.0        1366.1
36812.701500747            280007.0        1249.5
36812.801500692            279901.0        1473.0
36812.901500636            279929.0        1452.8
36813.001500706            279921.0        1355.0
36813.101500651            280000.0        1341.4
36813.201500721            280019.0        1397.2
36813.301500665            279879.0        1353.6
36813.401500735            280087.0        1237.5
36813.501500679            279908.0        1359.1
36813.601500624            280023.0        1332.6
36813.701500694            279916.0        1407.8
36813.801500638            280094.0        1356.5
36813.901500708            279993.0        1398.2
36814.001500653            280130.0        1275.1
36814.101500722            279871.0        1385.4
36814.201500667            280120.0        1299.9
36814.301500737            279862.0        1356.7
36814.401500681            279959.0        1422.6
36814.501500626            280071.0        1322.2
36814.601500695            279975.0        1315.1
36814.701500640            280068.0        1337.3
36814.801500709            280047.0        1367.7
36814.901500654            280009.0        1391.5
36815.001500723            279956.0        1372.1
36815.101500668            280085.0        1328.9
36815.201500737            280061.0        1267.1
36815.301500682            279986.0        1377.9
36815.401500626            279909.0        1375.3
36815.501500696            280163.0        1313.9
36815.601500640            279909.0        1368.2
36815.701500710            279969.0        1337.4
36815.801500654            280024.0        1267.5
36815.901500724            279954.0        1373.2
36816.001500668            280006.0        1383.0
36816.101500738            280181.0        1252.9
36816.201500683            280000.0        1373.1
36816.301500627            280040.0        1389.1
36816.401500696            280038.0        1341.1
36816.501500641            280000.0        1415.0
36816.601500710            279922.0        1400.6
36816.701500655            279991.0        1329.2
36816.801500724            280000.0        1333.5
36816.901500669            279889.0        1451.4
36817.001500738            279986.0        1331.8
36817.101500683            279983.0        1361.2
36817.201500628            280039.0        1394.1
36817.301500697            279952.0        1264.9
36817.401500642            280150.0        1144.9
36817.501500711            280067.0        1336.2
36817.601500655            280016.0        1304.8
36817.701500725            279887.0        1411.2
36817.801500670            279960.0        1421.4
36817.901500739            280020.0        1266.3
36818.001500683            280031.0        1367.5
36818.101500628            280034.0        1372.1
36818.201500697            280096.0        1304.9
36818.301500642            280044.0        1285.4
36818.401500711            280060.0        1302.9
36818.501500656            280000.0        1358.0
36818.601500725            280078.0        1404.6
36818.701500670            279974.0        1375.4
36818.801500739            280104.0        1355.8
36818.901500683            279978.0        1370.1
36819.001500628            279977.0        1363.1
36819.101500698            279944.0        1353.3
36819.201500642            280067.0        1287.8
36819.301500712            280105.0        1255.3
36819.401500656            280046.0        1385.7
36819.501500726            280085.0        1310.5
36819.601500670            280014.0        1296.1
36819.701500739            279844.0        1431.5
36819.801500684            280135.0        1373.1
36819.901500628            279894.0        1411.7
36820.001500698            279934.0        1342.7
36820.101500642            279926.0        1377.5
36820.201500712            280138.0        1329.8
36820.301500656            280083.0        1338.8
36820.401500725            279886.0        1391.3
36820.501500670            280000.0        1387.9
36820.601500739            280039.0        1333.1
36820.701500683            280000.0        1340.3
36820.801500628            280039.0        1369.8
36820.901500697            279985.0        1305.2
36821.001500641            280027.0        1222.6
36821.101500711            279914.0        1374.1
36821.201500655            279957.0        1300.8
36821.301500724            280079.0        1285.8
36821.401500668            279941.0        1375.1
36821.501500738            280049.0        1342.2
36821.601500682            280055.0        1403.1
36821.701500626            279929.0        1358.7
36821.801500696            279903.0        1417.9
36821.901500640            279936.0        1352.6
36822.001500709            280084.0        1248.7
36822.101500653            279907.0        1376.6
36822.201500723            279895.0        1396.6
36822.301500667            280156.0        1397.0
36822.401500737            280040.0        1359.5
36822.501500681            280028.0        1345.3
36822.601500625            280222.0        1298.2
36822.701500695            280162.0        1164.5
36822.801500639            279987.0        1287.7
36822.901500708            279961.0        1377.8
36823.001500652            279922.0        1353.8
36823.101500722            280000.0        1371.3
36823.201500666            279882.0        1330.4
36823.301500735            279905.0        1351.6
36823.401500680            279973.0        1295.7
36823.501500624            280008.0        1324.5
36823.601500693            280000.0        1313.0
36823.701500637            279877.0        1438.6
36823.801500707            279849.0        1312.5
36823.901500651            279910.0        1351.9
36824.001500720            279935.0        1367.4
36824.101500664            279929.0        1422.0
36824.201500734            280132.0        1403.7
36824.301500678            280033.0        1294.0
36824.401500622            280069.0        1285.5
36824.501500692            279877.0        1361.9
36824.601500636            279896.0        1403.7
36824.701500705            279984.0        1320.8
36824.801500649            280007.0        1372.5
36824.901500719            280047.0        1262.5
36825.001500663            280128.0        1328.4
36825.101500732            279994.0        1356.5
36825.201500676            279947.0        1356.4
36825.301500620            279936.0        1427.8
36825.401500690            280111.0        1334.5
36825.501500634            279954.0        1392.7
36825.601500703            279943.0        1378.3
36825.701500647            279952.0        1301.2
36825.801500717            279929.0        1263.4
36825.901500661            280165.0        1143.4
36826.001500730            279892.0        1311.1
36826.101500674            280094.0        1349.9
36826.201500618            280205.0        1293.7
36826.301500688            279940.0        1377.5
36826.401500632            280109.0        1374.7
36826.501500701            280061.0        1351.9
36826.601500645            280090.0        1257.3
36826.701500714            280024.0        1354.4
36826.801500658            280040.0        1223.2
36826.901500728            280006.0        1305.1
36827.001500672            280094.0        1304.7
36827.101500616            279937.0        1337.9
36827.201500685            279956.0        1368.3
36827.301500629            279960.0        1299.6
36827.401500698            279947.0        1381.6
36827.501500642            279883.0        1309.7
36827.601500712            279905.0        1352.4
36827.701500656            280042.0        1319.5
36827.801500725            280033.0        1341.7
36827.901500669            280040.0        1425.4
36828.001500738            280037.0        1340.7
36828.101500683            279950.0        1291.7
36828.201500626            279988.0        1290.2
36828.301500696            280112.0        1320.2
36828.401500640            280000.0        1377.2
36828.501500709            280021.0        1359.9
36828.601500653            279909.0        1368.2
36828.701500722            279921.0        1358.9
36828.801500666            280045.0        1341.0
36828.901500735            279969.0        1406.7
36829.001500679            280012.0        1359.4
36829.101500623            280032.0        1376.1
36829.201500692            280051.0        1276.7
36829.301500637            279902.0        1356.5
36829.401500705            279984.0        1375.8
36829.501500650            279987.0        1364.4
36829.601500718            280020.0        1299.6
36829.701500662            280030.0        1353.7
36829.801500732            280045.0        1326.5
36829.901500676            280020.0        1354.2
36830.001500620            280132.0        1342.5
36830.101500689            280054.0        1336.9
36830.201500633            279992.0        1369.1
36830.301500702            280028.0        1343.5
36830.401500646            280014.0        1386.7
36830.501500715            280009.0        1384.6
36830.601500659            279921.0        1433.2
36830.701500728            279938.0        1306.9
36830.801500672            280088.0        1115.7
36830.901500741            280083.0        1306.5
36831.001500685            279888.0        1375.9
36831.101500629            279895.0        1327.4
36831.201500698            280008.0        1188.3
36831.301500642            280097.0        1256.0
36831.401500711            280117.0        1304.9
36831.501500655            280243.0        1234.8
36831.601500724            280071.0        1297.2
36831.701500668            280007.0        1392.3
36831.801500737            280055.0        1243.9
36831.901500681            279988.0        1369.3
36832.001500625            280031.0        1308.2
36832.101500694            280031.0        1311.1
36832.201500638            279953.0        1374.0
36832.301500707            279968.0        1352.8
36832.401500651            280013.0        1276.5
36832.501500720            280076.0        1237.8
36832.601500663            279962.0        1313.1
36832.701500733            280031.0        1331.9
36832.801500676            280170.0        1298.7
36832.901500620            280114.0        1340.5
36833.001500689            280033.0        1412.1
36833.101500633            279992.0        1295.7
36833.201500702            279992.0        1380.9
36833.301500646            280046.0        1322.3
36833.401500715            279965.0        1344.6
36833.501500659            279993.0        1281.6
36833.601500728            280060.0        1389.0
36833.701500672            279919.0        1341.9
36833.801500741            280068.0        1381.2
36833.901500685            279992.0        1355.6
36834.001500629            279961.0        1354.3
36834.101500698            279973.0        1355.8
36834.201500641            280049.0        1314.0
36834.301500710            280000.0        1361.0
36834.401500654            280168.0        1278.8
36834.501500723            280041.0        1418.0
36834.601500667            280129.0        1327.0
36834.701500736            280074.0        1274.6
36834.801500680            280087.0        1298.2
36834.901500624            279947.0        1364.7
36835.001500693            280206.0        1118.1
36835.101500637            279940.0        1339.3
36835.201500706            279966.0        1329.4
36835.301500650            280137.0        1263.3
36835.401500718            279967.0        1398.9
36835.501500662            280000.0        1405.2
36835.601500731            280021.0        1336.9
36835.701500675            280062.0        1391.4
36835.801500619            279913.0        1342.4
36835.901500688            280030.0        1284.1
36836.001500632            279906.0        1354.7
36836.101500701            279965.0        1301.4
36836.201500645            280070.0        1330.1
36836.301500714            280031.0        1325.9
36836.401500658            279952.0        1296.8
36836.501500726            279928.0        1368.3
36836.601500670            280043.0        1394.7
36836.701500739            280092.0        1167.3
36836.801500683            280054.0        1333.5
36836.901500627            279941.0        1355.9
36837.001500696            279953.0        1397.3
36837.101500640            280033.0        1386.3
36837.201500708            279934.0        1417.7
36837.301500652            279969.0        1474.1
36837.401500721            279979.0        1366.3
36837.501500665            279940.0        1281.3
36837.601500734            280125.0        1280.2
36837.701500678            280007.0        1369.9
36837.801500622            280078.0        1315.3
36837.901500691            279862.0        1367.4
36838.001500634            280123.0        1281.6
36838.101500703            279907.0        1398.3
36838.201500647            280061.0        1334.5
36838.301500716            279857.0        1429.2
36838.401500660            279966.0        1373.2
36838.501500729            280152.0        1217.3
36838.601500672            280077.0        1311.1
36838.701500616            279897.0        1359.0
36838.801500685            280060.0        1271.5
36838.901500629            279847.0        1439.9
36839.001500698            280048.0        1304.9
36839.101500642            280058.0        1320.1
36839.201500710            279972.0        1328.0
36839.301500654            279842.0        1379.9
36839.401500723            280082.0        1264.3
36839.501500667            279974.0        1353.0
36839.601500736            279972.0        1335.5
36839.701500680            280054.0        1326.4
36839.801500623            280000.0        1382.0
36839.901500692            280023.0        1373.7
36840.001500636            280112.0        1273.0
36840.101500705            280000.0        1406.0
36840.201500649            279955.0        1381.5
36840.301500717            279967.0        1399.5
36840.401500661            279993.0        1351.9
36840.501500730            280000.0        1289.6
36840.601500674            280008.0        1354.1
36840.701500617            279933.0        1421.3
36840.801500686            280006.0        1331.8
36840.901500630            279966.0        1373.3
36841.001500699            279964.0        1391.5
36841.101500642            279876.0        1371.8
36841.201500711            279918.0        1383.3
36841.301500655            279956.0        1332.5
36841.401500724            280125.0        1135.1
36841.501500668            279804.0        1390.3
36841.601500736            279955.0        1332.8
36841.701500680            279829.0        1380.2
36841.801500624            280046.0        1286.0
36841.901500693            279885.0        1389.0
36842.001500636            280040.0        1332.6
36842.101500705            279967.0        1354.7
36842.201500649            279953.0        1361.5
36842.301500717            279951.0        1360.1
36842.401500661            279828.0        1383.1
36842.501500730            280044.0        1408.0
36842.601500674            280168.0        1253.1
36842.701500618            279930.0        1340.4
36842.801500686            280072.0        1348.0
36842.901500630            279907.0        1300.0
36843.001500699            279987.0        1360.9
36843.101500643            279839.0        1269.3
36843.201500711            280098.0        1226.0
36843.301500655            280025.0        1328.1
36843.401500724            279919.0        1362.0
36843.501500668            280040.0        1358.2
36843.601500737            280048.0        1278.9
36843.701500680            280067.0        1362.3
36843.801500624            280000.0        1415.6
36843.901500693            280015.0        1402.9
36844.001500636            280000.0        1341.3
36844.101500705            279949.0        1361.5
36844.201500649            280126.0        1365.4
36844.301500717            280000.0        1222.0
36844.401500661            280013.0        1299.4
36844.501500730            280000.0        1373.8
36844.601500673            279962.0        1368.0
36844.701500742            279945.0        1326.5
36844.801500686            280094.0        1333.8
36844.901500629            280067.0        1316.4
36845.001500698            280046.0        1270.3
36845.101500642            280120.0        1339.3
36845.201500711            279890.0        1354.7
36845.301500654            280000.0        1297.7
36845.401500723            279948.0        1361.1
36845.501500667            280013.0        1322.4
36845.601500735            279878.0        1378.2
36845.701500679            280119.0        1355.5
36845.801500623            280000.0        1380.2
36845.901500691            280000.0        1390.2
36846.001500635            279982.0        1394.5
36846.101500704            280018.0        1374.0
36846.201500647            279979.0        1327.9
36846.301500716            279933.0        1418.6
36846.401500660            280047.0        1343.4
36846.501500728            279939.0        1318.0
36846.601500672            279973.0        1365.9
36846.701500740            279949.0        1398.4
36846.801500684            280103.0        1257.7
36846.901500628            280021.0        1359.7
36847.001500696            280175.0        1277.9
36847.101500640            279884.0        1382.1
36847.201500709            280026.0        1380.1
