1300901
2018-07-16
420
28.7
44.5
756.8
36628.101500747            280229.0        1344.8
36628.201500698            280033.0        1363.0
36628.301500649            279961.0        1413.4
36628.401500725            279972.0        1358.6
36628.501500675            280111.0        1371.1
36628.601500626            279994.0        1292.7
36628.701500702            279894.0        1367.2
36628.801500653            280062.0        1286.5
36628.901500729            280199.0        1313.3
36629.001500680            279945.0        1390.6
36629.101500631            280047.0        1330.4
36629.201500707            279954.0        1369.7
36629.301500657            280045.0        1285.3
36629.401500733            279976.0        1260.7
36629.501500684            279969.0        1369.0
36629.601500635            280070.0        1282.1
36629.701500711            280053.0        1272.2
36629.801500662            280008.0        1350.2
36629.901500738            279900.0        1399.7
36630.001500689            280015.0        1329.9
36630.101500639            279831.0        1430.2
36630.201500715            279896.0        1386.7
36630.301500666            279920.0        1378.9
36630.401500742            280014.0        1379.3
36630.501500693            279924.0        1364.0
36630.601500643            280053.0        1324.8
36630.701500719            279855.0        1375.6
36630.801500670            280057.0        1300.9
36630.901500746            279934.0        1313.1
36631.001500697            280034.0        1276.0
36631.101500648            279913.0        1356.3
36631.201500723            279953.0        1311.8
36631.301500674            280112.0        1160.7
36631.401500625            279844.0        1374.4
36631.501500701            280005.0        1381.9
36631.601500652            279965.0        1404.5
36631.701500727            279966.0        1404.3
36631.801500678            280151.0        1208.0
36631.901500629            280052.0        1326.9
36632.001500704            279909.0        1345.6
36632.101500655            279957.0        1374.5
36632.201500731            280006.0        1163.8
36632.301500682            279811.0        1388.6
36632.401500632            280044.0        1304.4
36632.501500708            280072.0        1344.9
36632.601500659            280218.0        1117.3
36632.701500735            280036.0        1245.5
36632.801500685            279949.0        1308.7
36632.901500636            279955.0        1402.0
36633.001500712            280055.0        1308.6
36633.101500662            280007.0        1296.0
36633.201500738            279913.0        1380.0
36633.301500689            279980.0        1410.9
36633.401500639            280074.0        1437.0
36633.501500715            279852.0        1402.2
36633.601500666            280075.0        1316.8
36633.701500741            279917.0        1306.0
36633.801500692            280053.0        1304.3
36633.901500643            280069.0        1355.0
36634.001500718            279947.0        1321.9
36634.101500669            280039.0        1364.2
36634.201500744            279960.0        1285.4
36634.301500695            280000.0        1301.7
36634.401500646            280097.0        1212.6
36634.501500721            279987.0        1329.8
36634.601500672            280007.0        1411.4
36634.701500747            280041.0        1309.2
36634.801500698            279952.0        1257.8
36634.901500648            279879.0        1334.3
36635.001500724            280025.0        1281.2
36635.101500674            279901.0        1374.4
36635.201500625            280060.0        1315.9
36635.301500700            280200.0        1301.1
36635.401500651            279953.0        1395.0
36635.501500727            279960.0        1297.5
36635.601500677            280056.0        1301.1
36635.701500628            279848.0        1392.6
36635.801500703            280086.0        1323.9
36635.901500654            280057.0        1605.2
36636.001500730            279894.0        1396.0
36636.101500680            279965.0        1370.7
36636.201500630            279958.0        1318.7
36636.301500706            280000.0        1390.9
36636.401500656            279961.0        1387.7
36636.501500732            279979.0        1391.9
36636.601500682            279979.0        1382.8
36636.701500633            280077.0        1362.1
36636.801500708            280034.0        1304.6
36636.901500659            280092.0        1284.5
36637.001500734            280032.0        1318.8
36637.101500685            280061.0        1390.2
36637.201500635            280138.0        1376.2
36637.301500711            280115.0        1314.9
36637.401500661            279918.0        1387.1
36637.501500737            279908.0        1390.4
36637.601500687            280089.0        1256.1
36637.701500638            280028.0        1196.1
36637.801500713            279899.0        1333.8
36637.901500664            279951.0        1324.2
36638.001500739            279960.0        1357.4
36638.101500690            280110.0        1277.5
36638.201500640            279971.0        1381.5
36638.301500715            279992.0        1312.8
36638.401500666            280000.0        1323.2
36638.501500741            280020.0        1377.9
36638.601500692            280108.0        1335.6
36638.701500642            280054.0        1279.9
36638.801500718            279974.0        1375.5
36638.901500668            279840.0        1379.4
36639.001500744            280157.0        1250.2
36639.101500694            280030.0        1390.3
36639.201500644            280016.0        1379.6
36639.301500720            280088.0        1315.8
36639.401500670            280107.0        1375.9
36639.501500745            280102.0        1318.2
36639.601500696            280050.0        1323.5
36639.701500646            280045.0        1307.0
36639.801500722            280028.0        1308.0
36639.901500672            280049.0        1236.8
36640.001500622            279916.0        1395.4
36640.101500698            279841.0        1435.8
36640.201500648            280047.0        1276.5
36640.301500724            279993.0        1318.3
36640.401500674            279968.0        1394.2
36640.501500624            279900.0        1423.9
36640.601500699            280061.0        1328.2
36640.701500650            279915.0        1316.8
36640.801500725            279905.0        1388.9
36640.901500675            279992.0        1435.8
36641.001500626            279901.0        1289.3
36641.101500701            279945.0        1392.0
36641.201500651            279916.0        1358.3
36641.301500727            280090.0        1349.2
36641.401500677            279939.0        1377.8
36641.501500627            279894.0        1353.8
36641.601500703            279962.0        1392.0
36641.701500653            280109.0        1270.1
36641.801500729            280093.0        1323.1
36641.901500679            280000.0        1362.0
36642.001500629            279941.0        1331.1
36642.101500704            279899.0        1380.6
36642.201500654            280042.0        1332.7
36642.301500730            279930.0        1364.7
36642.401500680            279918.0        1440.1
36642.501500630            279916.0        1349.5
36642.601500706            280029.0        1328.3
36642.701500656            280114.0        1359.1
36642.801500731            280055.0        1363.7
36642.901500681            280130.0        1238.6
36643.001500632            280047.0        1355.5
36643.101500707            279953.0        1364.1
36643.201500657            279846.0        1408.7
36643.301500732            280000.0        1343.3
36643.401500683            280154.0        1138.4
36643.501500633            279931.0        1324.7
36643.601500708            279856.0        1330.3
36643.701500658            280073.0        1315.7
36643.801500733            279864.0        1310.0
36643.901500683            280093.0        1368.3
36644.001500634            280016.0        1401.7
36644.101500709            279901.0        1307.7
36644.201500659            280080.0        1368.6
36644.301500734            280149.0        1286.4
36644.401500684            280099.0        1248.1
36644.501500634            280049.0        1354.8
36644.601500710            279950.0        1329.2
36644.701500660            280000.0        1389.2
36644.801500735            279906.0        1389.2
36644.901500685            280000.0        1395.2
36645.001500635            280019.0        1403.3
36645.101500711            280103.0        1305.3
36645.201500661            280041.0        1368.8
36645.301500736            279945.0        1341.0
36645.401500686            280047.0        1219.0
36645.501500636            280086.0        1330.3
36645.601500711            279891.0        1373.0
36645.701500662            279973.0        1337.9
36645.801500736            280040.0        1373.9
36645.901500687            280069.0        1351.6
36646.001500637            279921.0        1326.2
36646.101500712            279916.0        1342.9
36646.201500662            280030.0        1390.0
36646.301500737            279980.0        1293.6
36646.401500688            279974.0        1329.8
36646.501500638            279936.0        1367.7
36646.601500713            279957.0        1366.8
36646.701500663            279978.0        1379.8
36646.801500739            279980.0        1412.7
36646.901500688            280130.0        1357.8
36647.001500638            280006.0        1387.3
36647.101500713            280037.0        1368.7
36647.201500664            279976.0        1357.5
36647.301500614            279992.0        1324.3
36647.401500689            280013.0        1318.1
36647.501500639            279953.0        1295.8
36647.601500714            279946.0        1403.8
36647.701500664            280137.0        1259.6
36647.801500739            280080.0        1331.0
36647.901500690            280007.0        1309.4
36648.001500640            279966.0        1340.9
36648.101500715            279984.0        1349.7
36648.201500665            280057.0        1221.1
36648.301500740            279942.0        1313.9
36648.401500690            280008.0        1302.0
36648.501500640            279986.0        1389.8
36648.601500715            280096.0        1362.7
36648.701500665            280079.0        1263.3
36648.801500740            280022.0        1245.9
36648.901500690            279877.0        1351.4
36649.001500640            280007.0        1260.4
36649.101500715            280059.0        1343.5
36649.201500665            280086.0        1338.4
36649.301500740            280013.0        1314.9
36649.401500690            280091.0        1316.8
36649.501500641            279994.0        1316.7
36649.601500716            280097.0        1333.8
36649.701500666            279954.0        1352.6
36649.801500741            279889.0        1419.3
36649.901500691            280132.0        1218.9
36650.001500641            280169.0        1199.9
36650.101500716            280035.0        1366.3
36650.201500666            280011.0        1346.4
36650.301500741            280043.0        1362.6
36650.401500691            280123.0        1326.6
36650.501500641            280069.0        1356.1
36650.601500716            279932.0        1286.7
36650.701500666            279939.0        1405.0
36650.801500741            280027.0        1236.0
36650.901500691            279993.0        1314.2
36651.001500641            280075.0        1323.0
36651.101500716            280174.0        1228.9
36651.201500666            279961.0        1305.6
36651.301500741            280022.0        1353.0
36651.401500691            279926.0        1340.6
36651.501500641            280125.0        1171.9
36651.601500716            280157.0        1361.3
36651.701500666            279994.0        1378.4
36651.801500740            280037.0        1311.0
36651.901500690            279956.0        1407.7
36652.001500640            279957.0        1352.3
36652.101500715            280035.0        1418.5
36652.201500665            280008.0        1373.0
36652.301500740            279935.0        1287.7
36652.401500690            279949.0        1299.4
36652.501500640            280013.0        1382.3
36652.601500715            280034.0        1431.9
36652.701500665            280114.0        1337.6
36652.801500740            279906.0        1330.0
36652.901500690            279881.0        1421.3
36653.001500639            279994.0        1273.0
36653.101500714            279974.0        1349.5
36653.201500664            280046.0        1388.0
36653.301500739            280020.0        1374.8
36653.401500689            279964.0        1332.8
36653.501500639            279875.0        1383.4
36653.601500713            279906.0        1306.6
36653.701500663            280000.0        1385.6
36653.801500738            280062.0        1358.7
36653.901500688            280027.0        1339.7
36654.001500638            279899.0        1363.1
36654.101500713            279971.0        1282.5
36654.201500663            279871.0        1381.8
36654.301500738            279986.0        1294.7
36654.401500687            280105.0        1197.3
36654.501500637            279912.0        1366.8
36654.601500712            279941.0        1378.9
36654.701500662            279984.0        1335.9
36654.801500737            279959.0        1295.1
36654.901500687            280081.0        1319.7
36655.001500636            280093.0        1323.5
36655.101500711            280049.0        1298.8
36655.201500661            280143.0        1338.7
36655.301500736            280047.0        1340.0
36655.401500685            280111.0        1354.0
36655.501500635            279912.0        1309.3
36655.601500710            280051.0        1367.9
36655.701500660            280021.0        1296.6
36655.801500735            279945.0        1431.8
36655.901500685            279927.0        1337.3
36656.001500634            279975.0        1418.7
36656.101500709            280064.0        1250.8
36656.201500659            279963.0        1353.5
36656.301500734            280064.0        1403.7
36656.401500684            280000.0        1404.1
36656.501500633            280086.0        1321.1
36656.601500708            280038.0        1298.1
36656.701500658            280015.0        1297.6
36656.801500733            279948.0        1248.0
36656.901500683            280090.0        1288.4
36657.001500632            279945.0        1330.3
36657.101500707            279940.0        1333.5
36657.201500657            280053.0        1302.5
36657.301500732            279928.0        1361.9
36657.401500682            280023.0        1339.6
36657.501500632            279984.0        1318.3
36657.601500706            279988.0        1365.9
36657.701500656            280006.0        1375.4
36657.801500731            279946.0        1319.5
36657.901500681            280157.0        1308.2
36658.001500631            280069.0        1298.0
36658.101500705            280095.0        1288.5
36658.201500655            280044.0        1353.4
36658.301500730            279958.0        1301.6
36658.401500680            280078.0        1242.6
36658.501500629            279935.0        1397.9
36658.601500704            279928.0        1382.3
36658.701500654            279930.0        1370.9
36658.801500728            280125.0        1280.4
36658.901500678            280060.0        1313.1
36659.001500628            280055.0        1310.9
36659.101500703            279962.0        1328.1
36659.201500652            279946.0        1321.2
36659.301500727            280014.0        1302.9
36659.401500677            280034.0        1354.7
36659.501500627            280107.0        1242.5
36659.601500701            280076.0        1361.7
36659.701500651            279883.0        1358.3
36659.801500726            279894.0        1368.0
36659.901500676            279947.0        1408.4
36660.001500625            280008.0        1345.7
36660.101500700            280049.0        1330.6
36660.201500650            280020.0        1260.3
36660.301500724            280057.0        1353.3
36660.401500674            280111.0        1223.1
36660.501500624            279978.0        1348.7
36660.601500698            279879.0        1356.1
36660.701500648            280082.0        1313.9
36660.801500723            279894.0        1343.0
36660.901500672            280037.0        1366.5
36661.001500747            280019.0        1294.3
36661.101500696            279903.0        1394.5
36661.201500646            279934.0        1363.4
36661.301500721            280153.0        1479.5
36661.401500671            279929.0        1375.5
36661.501500745            280000.0        1282.0
36661.601500694            280081.0        1327.1
36661.701500644            279968.0        1362.0
36661.801500719            280007.0        1266.0
36661.901500668            280179.0        1187.1
36662.001500743            279947.0        1281.0
36662.101500692            279933.0        1395.0
36662.201500642            279957.0        1335.0
36662.301500717            280007.0        1293.1
36662.401500666            279948.0        1359.9
36662.501500741            280048.0        1366.8
36662.601500690            279942.0        1280.0
36662.701500640            280071.0         602.5
36662.801500714            280032.0        1404.3
36662.901500664            280091.0        1315.2
36663.001500738            279967.0        1374.8
36663.101500688            279919.0        1409.3
36663.201500638            280000.0        1155.1
36663.301500712            280000.0        1326.0
36663.401500662            280013.0        1347.4
36663.501500736            279895.0        1342.6
36663.601500686            279902.0        1340.8
36663.701500635            279913.0        1332.2
36663.801500710            279980.0        1386.0
36663.901500659            280085.0        1362.2
36664.001500734            279992.0        1360.3
36664.101500683            279903.0        1323.2
36664.201500633            279919.0        1328.9
36664.301500707            279897.0        1346.8
36664.401500657            280026.0        1232.2
36664.501500731            280041.0        1286.1
36664.601500681            279919.0        1299.4
36664.701500630            279869.0        1462.6
36664.801500705            280061.0        1203.6
36664.901500654            280078.0        1174.5
36665.001500729            279945.0        1360.3
36665.101500678            280039.0        1314.5
36665.201500628            279961.0        1390.5
36665.301500702            280061.0        1371.1
36665.401500652            279944.0        1366.3
36665.501500726            279903.0        1317.2
36665.601500676            279987.0        1289.5
36665.701500625            279869.0        1407.5
36665.801500700            279851.0        1405.6
36665.901500649            280006.0        1398.4
36666.001500723            279970.0        1331.9
36666.101500673            280159.0        1320.1
36666.201500747            280040.0        1318.5
36666.301500697            279994.0        1369.8
36666.401500646            280006.0        1321.9
36666.501500721            280199.0        1160.0
36666.601500670            279913.0        1343.1
36666.701500745            279977.0        1386.9
36666.801500694            280055.0        1289.3
36666.901500643            280170.0        1362.1
36667.001500718            280052.0        1347.6
36667.101500667            280036.0        1395.6
36667.201500742            279958.0        1379.8
36667.301500691            280000.0        1333.0
36667.401500641            280130.0        1388.3
36667.501500715            280086.0        1382.9
36667.601500664            280025.0        1333.4
36667.701500739            280000.0        1248.9
36667.801500688            280014.0        1285.6
36667.901500638            280007.0        1311.7
36668.001500712            279992.0        1350.9
36668.101500661            279965.0        1329.8
36668.201500736            279863.0        1379.2
36668.301500685            280000.0        1316.2
36668.401500634            280061.0        1384.6
36668.501500708            280033.0        1325.0
36668.601500658            279987.0        1367.7
36668.701500732            279993.0        1399.5
36668.801500681            279979.0        1364.2
36668.901500631            279902.0        1386.8
36669.001500705            280033.0        1338.6
36669.101500655            279961.0        1378.7
36669.201500729            279854.0        1402.7
36669.301500678            279992.0        1318.9
36669.401500752            280000.0        1424.6
36669.501500701            279945.0        1355.9
36669.601500651            280007.0        1331.9
36669.701500725            279958.0        1258.2
36669.801500674            279952.0        1355.0
36669.901500748            279906.0        1326.0
36670.001500698            280130.0        1216.5
36670.101500647            279912.0        1407.9
36670.201500721            280061.0        1354.0
36670.301500670            279971.0        1266.6
36670.401500744            280058.0        1343.4
36670.501500694            279902.0        1362.3
36670.601500643            279976.0        1364.0
36670.701500717            279965.0        1389.1
36670.801500666            279927.0        1423.4
36670.901500740            279956.0        1290.7
36671.001500690            279930.0        1370.2
36671.101500639            279953.0        1342.7
36671.201500713            279925.0        1369.7
36671.301500663            279922.0        1416.5
36671.401500736            279942.0        1370.3
36671.501500686            280090.0        1399.5
36671.601500635            280060.0        1358.9
36671.701500709            280000.0        1281.1
36671.801500658            280239.0        1044.2
36671.901500732            279886.0        1397.5
36672.001500682            279966.0        1375.1
36672.101500756            279825.0        1355.7
36672.201500705            280171.0        1226.1
36672.301500654            280109.0        1295.7
36672.401500728            280067.0        1346.8
36672.501500678            279916.0        1323.7
36672.601500751            279889.0        1378.1
36672.701500701            280014.0        1305.9
36672.801500650            279890.0        1412.3
36672.901500724            280000.0        1311.8
36673.001500673            279984.0        1367.1
36673.101500748            280116.0        1228.0
36673.201500697            280278.0        1278.4
36673.301500646            279924.0        1286.3
36673.401500720            280000.0        1353.3
36673.501500669            279908.0        1371.4
36673.601500743            280081.0        1236.7
36673.701500692            279862.0        1367.8
36673.801500641            279959.0        1279.5
36673.901500716            280150.0        1300.2
36674.001500665            279909.0        1354.7
36674.101500739            280138.0        1327.8
36674.201500688            280073.0        1352.1
36674.301500637            280055.0        1250.3
36674.401500711            280075.0        1275.9
36674.501500660            279943.0        1347.5
36674.601500734            280000.0        1293.2
36674.701500684            279960.0        1354.7
36674.801500633            280000.0        1348.1
36674.901500707            280163.0        1176.5
36675.001500656            280078.0        1303.0
36675.101500730            279906.0        1431.4
36675.201500679            280007.0        1303.3
36675.301500628            279893.0        1394.6
36675.401500702            279908.0        1361.1
36675.501500651            280000.0        1338.2
36675.601500725            279933.0        1333.1
36675.701500675            279992.0        1283.9
36675.801500624            280084.0        1340.8
36675.901500698            279966.0        1348.3
36676.001500647            279951.0        1384.6
36676.101500721            280029.0        1354.2
36676.201500670            280190.0        1331.7
36676.301500744            280031.0        1328.8
36676.401500693            279992.0        1264.4
36676.501500642            280146.0        1175.1
36676.601500716            280000.0        1278.4
36676.701500665            279956.0        1326.3
36676.801500739            279927.0        1298.1
36676.901500688            279967.0        1383.4
36677.001500637            279993.0        1327.3
36677.101500711            279945.0        1371.2
36677.201500660            280150.0        1266.6
36677.301500733            279946.0        1401.0
36677.401500682            279970.0        1341.2
36677.501500631            279919.0        1368.4
36677.601500705            279965.0        1325.3
36677.701500654            280030.0        1299.9
36677.801500728            280065.0        1354.8
36677.901500677            279880.0        1403.7
36678.001500626            280014.0        1374.3
36678.101500700            280000.0        1286.1
36678.201500649            280052.0        1270.9
36678.301500723            279925.0        1311.7
36678.401500672            279969.0        1352.7
36678.501500746            280089.0        1315.1
36678.601500695            279772.0        1407.8
36678.701500644            280040.0        1270.7
36678.801500717            280055.0        1289.6
36678.901500666            279968.0        1382.2
36679.001500740            279941.0        1298.8
36679.101500689            279968.0        1279.1
36679.201500638            280097.0        1325.0
36679.301500712            280102.0        1286.4
36679.401500660            280091.0        1372.0
36679.501500734            279942.0        1422.2
36679.601500683            279993.0        1368.8
36679.701500632            279857.0        1369.9
36679.801500706            279914.0        1420.5
36679.901500655            279975.0        1345.6
36680.001500729            280121.0        1272.7
36680.101500678            279933.0        1327.8
36680.201500626            280093.0        1231.2
36680.301500700            279845.0        1378.0
36680.401500650            280028.0        1279.8
36680.501500723            280031.0        1342.4
36680.601500672            280161.0        1175.4
36680.701500746            279959.0        1274.4
36680.801500695            280000.0        1352.0
36680.901500644            279860.0        1417.5
36681.001500718            279989.0        1393.0
36681.101500667            280047.0        1280.3
36681.201500740            280084.0        1296.3
36681.301500689            280000.0        1313.4
36681.401500638            280174.0        1334.2
36681.501500712            280056.0        1390.9
36681.601500661            279964.0        1313.7
36681.701500735            280065.0        1369.1
36681.801500683            279970.0        1388.6
36681.901500632            279941.0        1351.2
36682.001500706            280085.0        1279.8
36682.101500655            279869.0        1393.7
36682.201500729            280046.0        1372.2
36682.301500678            279922.0        1387.1
36682.401500626            280129.0        1293.9
36682.501500700            280077.0        1385.5
36682.601500649            280053.0        1374.8
36682.701500723            279892.0        1415.1
36682.801500672            279875.0        1305.6
36682.901500745            280069.0        1340.2
36683.001500694            280126.0        1224.5
36683.101500643            279894.0        1386.8
36683.201500717            279906.0        1268.8
36683.301500666            280042.0        1301.1
36683.401500739            280047.0        1330.6
36683.501500688            279940.0        1362.8
36683.601500637            280061.0        1271.1
36683.701500711            280040.0        1309.1
36683.801500659            279915.0        1323.9
36683.901500733            280083.0        1254.1
36684.001500682            279906.0        1442.9
36684.101500631            280054.0        1230.5
36684.201500704            280093.0        1269.1
36684.301500653            279954.0        1314.1
36684.401500727            280020.0        1363.6
36684.501500675            280059.0        1318.2
36684.601500624            279943.0        1329.1
36684.701500698            280039.0        1313.9
36684.801500646            280026.0        1403.1
36684.901500720            279966.0        1323.2
36685.001500669            280154.0        1186.7
36685.101500742            280028.0        1284.9
36685.201500691            280000.0        1346.3
36685.301500640            280007.0        1269.4
36685.401500713            279969.0        1379.8
36685.501500662            280044.0        1320.8
36685.601500736            279929.0        1351.6
36685.701500684            280008.0        1351.4
36685.801500633            280068.0        1307.7
36685.901500707            280000.0        1327.2
36686.001500655            280035.0        1260.6
36686.101500729            280039.0        1367.7
36686.201500678            280032.0        1338.3
36686.301500626            280034.0        1358.0
36686.401500700            280022.0        1225.9
36686.501500648            279948.0        1318.7
36686.601500722            280122.0        1383.2
36686.701500671            279973.0        1299.0
36686.801500744            280055.0        1215.4
36686.901500693            279870.0        1360.2
36687.001500641            280013.0        1377.1
36687.101500715            279922.0        1347.6
36687.201500664            279918.0        1308.3
36687.301500738            279977.0        1358.2
36687.401500686            279839.0        1359.9
36687.501500635            279896.0        1382.7
36687.601500708            280019.0        1277.0
36687.701500657            280060.0        1279.1
