1300901
2018-07-16
426
29.0
44.4
756.6
37084.101500637            294335.0        1342.0
37084.201500700            294277.0        1317.7
37084.301500639            294201.0        1254.3
37084.401500702            294285.0        1318.8
37084.501500641            294238.0        1343.8
37084.601500704            294301.0        1401.0
37084.701500643            294236.0        1484.9
37084.801500706            294146.0        1326.5
37084.901500645            294333.0        1364.8
37085.001500708            294108.0        1349.2
37085.101500647            294187.0        1249.0
37085.201500711            294264.0        1271.1
37085.301500649            294212.0        1313.6
37085.401500713            294172.0        1344.8
37085.501500651            294341.0        1228.1
37085.601500715            294298.0        1350.1
37085.701500653            294303.0        1310.6
37085.801500717            294297.0        1331.8
37085.901500655            294259.0        1315.2
37086.001500719            294251.0        1289.0
37086.101500657            294134.0        1345.1
37086.201500721            294073.0        1380.9
37086.301500660            294316.0        1357.0
37086.401500723            294377.0        1267.1
37086.501500661            294280.0        1356.7
37086.601500600            294283.0        1341.6
37086.701500664            294382.0        1115.6
37086.801500602            294243.0        1296.3
37086.901500666            294258.0        1289.2
37087.001500604            294316.0        1403.0
37087.101500668            294343.0        1229.4
37087.201500606            294149.0        1348.2
37087.301500670            294197.0        1261.1
37087.401500609            294185.0        1306.3
37087.501500672            294343.0        1348.5
37087.601500611            294309.0        1093.9
37087.701500674            294222.0        1313.2
37087.801500613            294225.0        1353.8
37087.901500676            294209.0        1366.3
37088.001500615            294218.0        1336.8
37088.101500678            294321.0        1235.8
37088.201500617            294314.0        1307.8
37088.301500680            294284.0        1304.4
37088.401500619            294256.0        1357.0
37088.501500682            294242.0        1261.0
37088.601500621            294092.0        1317.2
37088.701500684            294244.0        1252.9
37088.801500623            294284.0        1240.6
37088.901500686            294202.0        1330.0
37089.001500625            294249.0        1330.5
37089.101500688            294195.0        1404.7
37089.201500627            294208.0        1400.7
37089.301500691            294261.0        1410.9
37089.401500629            294174.0        1364.8
37089.501500692            294307.0        1264.7
37089.601500631            294165.0        1396.4
37089.701500694            294381.0        1169.7
37089.801500633            294218.0        1376.9
37089.901500696            294090.0        1363.1
37090.001500635            294273.0        1394.7
37090.101500699            294337.0        1334.0
37090.201500637            294461.0        1267.9
37090.301500700            294235.0        1284.5
37090.401500639            294128.0        1318.1
37090.501500702            294298.0        1353.8
37090.601500641            294199.0        1410.5
37090.701500704            294323.0        1275.9
37090.801500643            294443.0        1134.4
37090.901500707            294352.0        1255.2
37091.001500645            294361.0        1313.6
37091.101500709            294339.0        1232.6
37091.201500647            294310.0        1291.2
37091.301500711            294227.0        1341.0
37091.401500649            294364.0        1241.9
37091.501500712            294248.0        1328.0
37091.601500651            294244.0        1327.5
37091.701500714            294315.0        1323.2
37091.801500653            294172.0        1327.7
37091.901500716            294202.0        1295.5
37092.001500655            294305.0        1283.5
37092.101500718            294157.0        1384.8
37092.201500657            294315.0        1305.4
37092.301500720            294230.0        1301.1
37092.401500658            294146.0        1370.1
37092.501500722            294361.0        1330.8
37092.601500660            294124.0        1407.0
37092.701500724            294599.0        1180.3
37092.801500662            294222.0        1326.7
37092.901500601            294273.0        1380.9
37093.001500664            294325.0        1338.3
37093.101500603            294243.0        1326.7
37093.201500666            294190.0        1343.1
37093.301500604            294200.0        1422.6
37093.401500668            294119.0        1402.6
37093.501500607            294326.0        1317.7
37093.601500670            294180.0        1402.5
37093.701500608            294362.0        1238.1
37093.801500672            294248.0        1291.0
37093.901500611            294105.0        1367.8
37094.001500674            294372.0        1286.8
37094.101500612            294314.0        1324.5
37094.201500676            294110.0        1300.1
37094.301500614            294355.0        1269.2
37094.401500678            294309.0        1315.4
37094.501500616            294187.0        1371.9
37094.601500680            294297.0        1266.9
37094.701500618            294368.0        1248.5
37094.801500681            294381.0        1278.9
37094.901500620            294262.0        1266.4
37095.001500683            294238.0        1375.2
37095.101500622            294344.0        1345.1
37095.201500685            294271.0        1296.4
37095.301500624            294340.0        1368.7
37095.401500687            294281.0        1352.6
37095.501500625            294248.0        1480.8
37095.601500689            294099.0        1423.0
37095.701500627            294217.0        1384.9
37095.801500691            294232.0        1357.1
37095.901500629            294181.0        1359.8
37096.001500692            294262.0        1337.5
37096.101500631            294167.0        1305.9
37096.201500694            294250.0        1417.4
37096.301500633            294309.0        1342.0
37096.401500696            294341.0        1339.2
37096.501500634            294374.0        1376.9
37096.601500698            294310.0        1307.0
37096.701500636            294255.0        1289.2
37096.801500700            294281.0        1283.6
37096.901500638            294274.0        1277.8
37097.001500701            294313.0        1319.8
37097.101500640            294149.0        1392.2
37097.201500703            294347.0        1405.8
37097.301500641            294246.0        1411.8
37097.401500705            294267.0        1311.1
37097.501500643            294222.0        1362.0
37097.601500706            294245.0        1234.0
37097.701500645            294198.0        1370.3
37097.801500708            294251.0        1406.8
37097.901500646            294367.0        1308.4
37098.001500710            294147.0        1345.5
37098.101500648            294274.0        1293.1
37098.201500712            294385.0        1301.4
37098.301500650            294409.0        1242.5
37098.401500713            294166.0        1351.4
37098.501500652            294367.0        1281.7
37098.601500715            294358.0        1406.2
37098.701500653            294292.0        1350.7
37098.801500717            294330.0        1458.4
37098.901500655            294301.0        1391.3
37099.001500719            294142.0        1349.4
37099.101500657            294234.0        1336.3
37099.201500720            294196.0        1367.0
37099.301500659            294220.0        1381.9
37099.401500597            294241.0        1304.8
37099.501500660            294279.0        1340.7
37099.601500599            294282.0        1364.7
37099.701500662            294352.0        1288.9
37099.801500600            294312.0        1227.2
37099.901500664            294334.0        1295.4
37100.001500602            294258.0        1342.4
37100.101500665            294430.0        1372.0
37100.201500604            294301.0        1386.8
37100.301500667            294235.0        1401.9
37100.401500605            294428.0        1273.3
37100.501500669            294127.0        1392.9
37100.601500607            294243.0        1359.0
37100.701500670            294236.0        1315.6
37100.801500609            294296.0        1347.9
37100.901500672            294333.0        1340.4
37101.001500610            294194.0        1374.5
37101.101500674            294403.0        1271.2
37101.201500612            294321.0        1351.4
37101.301500675            294391.0        1301.5
37101.401500614            294316.0        1248.2
37101.501500677            294292.0        1330.1
37101.601500615            294250.0        1345.6
37101.701500679            294362.0        1218.8
37101.801500617            294270.0        1271.7
37101.901500680            294264.0        1342.6
37102.001500619            294356.0        1183.8
37102.101500682            294326.0        1340.6
37102.201500620            294325.0        1353.4
37102.301500684            294285.0        1217.8
37102.401500622            294329.0        1411.5
37102.501500685            294211.0        1361.7
37102.601500624            294439.0        1344.8
37102.701500687            294329.0        1244.0
37102.801500625            294231.0        1343.1
37102.901500689            294197.0        1315.2
37103.001500627            294233.0        1335.5
37103.101500691            294274.0        1254.3
37103.201500629            294200.0        1283.0
37103.301500692            294333.0        1321.2
37103.401500631            294251.0        1300.3
37103.501500694            294406.0        1325.2
37103.601500632            294356.0        1170.7
37103.701500696            294192.0        1291.5
37103.801500634            294198.0        1379.2
37103.901500697            294300.0        1316.7
37104.001500636            294240.0        1366.5
37104.101500699            294280.0        1378.2
37104.201500637            294200.0        1346.2
37104.301500701            294343.0        1274.0
37104.401500639            294222.0        1352.9
37104.501500702            294387.0        1228.1
37104.601500640            294156.0        1331.9
37104.701500704            294334.0        1318.3
37104.801500642            294312.0        1324.8
37104.901500705            294390.0        1263.4
37105.001500644            294318.0        1403.1
37105.101500707            294226.0        1357.8
37105.201500645            294332.0        1325.6
37105.301500708            294320.0        1113.0
37105.401500646            294426.0        1350.2
37105.501500710            294270.0        1314.6
37105.601500648            294271.0        1329.7
37105.701500711            294347.0        1316.8
37105.801500650            294198.0        1287.8
37105.901500713            294403.0        1299.9
37106.001500651            294231.0        1236.7
37106.101500714            294443.0        1251.7
37106.201500653            294265.0        1370.8
37106.301500716            294283.0        1369.5
37106.401500654            294326.0        1287.3
37106.501500718            294363.0        1282.3
37106.601500656            294278.0        1378.2
37106.701500719            294175.0        1283.0
37106.801500658            294272.0        1288.8
37106.901500721            294307.0        1311.3
37107.001500659            294293.0        1257.8
37107.101500597            294330.0        1255.2
37107.201500661            294293.0        1364.8
37107.301500599            294158.0        1342.0
37107.401500662            294275.0        1221.2
37107.501500600            294271.0        1272.2
37107.601500663            294312.0        1367.4
37107.701500602            294441.0        1224.9
37107.801500665            294440.0        1330.1
37107.901500603            294204.0        1281.0
37108.001500666            294162.0        1329.4
37108.101500605            294374.0        1330.0
37108.201500668            294152.0        1388.7
37108.301500606            294247.0        1365.6
37108.401500670            294217.0        1234.2
37108.501500608            294252.0        1309.3
37108.601500671            294263.0        1283.8
37108.701500609            294195.0        1285.2
37108.801500673            294322.0        1331.8
37108.901500611            294235.0        1303.7
37109.001500674            294241.0        1368.2
37109.101500613            294357.0        1298.0
37109.201500676            294233.0        1317.6
37109.301500614            294464.0        1223.8
37109.401500677            294272.0        1332.2
37109.501500616            294232.0        1326.4
37109.601500679            294177.0        1323.4
37109.701500617            294201.0        1403.6
37109.801500680            294196.0        1396.9
37109.901500618            294307.0        1290.5
37110.001500682            294196.0        1374.4
37110.101500620            294244.0        1335.6
37110.201500683            294177.0        1341.4
37110.301500621            294161.0        1365.5
37110.401500685            294199.0        1382.5
37110.501500623            294317.0        1287.9
37110.601500686            294282.0        1272.7
37110.701500624            294365.0        1313.8
37110.801500687            294180.0        1294.1
37110.901500626            294361.0        1248.4
37111.001500689            294256.0        1316.1
37111.101500627            294379.0        1294.4
37111.201500690            294213.0        1315.6
37111.301500628            294106.0        1348.0
37111.401500691            294245.0        1285.9
37111.501500630            294248.0        1290.0
37111.601500693            294188.0        1332.3
37111.701500631            294133.0        1311.0
37111.801500694            294299.0        1428.2
37111.901500633            294355.0        1278.9
37112.001500696            294346.0        1334.3
37112.101500634            294355.0        1296.3
37112.201500697            294330.0        1261.1
37112.301500635            294366.0        1269.8
37112.401500699            294259.0        1345.7
37112.501500637            294221.0        1419.7
37112.601500700            294226.0        1376.2
37112.701500638            294334.0        1292.6
37112.801500702            294318.0        1374.0
37112.901500640            294178.0        1349.2
37113.001500703            294249.0        1289.0
37113.101500641            294196.0        1398.0
37113.201500704            294306.0        1339.3
37113.301500643            294219.0        1369.2
37113.401500706            294275.0        1331.6
37113.501500644            294355.0        1374.8
37113.601500707            294270.0        1271.5
37113.701500645            294369.0        1370.5
37113.801500708            294279.0        1301.6
37113.901500647            294247.0        1356.3
37114.001500710            294093.0        1179.0
37114.101500648            294324.0        1289.3
37114.201500711            294174.0        1335.7
37114.301500649            294346.0        1347.4
37114.401500713            294448.0        1104.8
37114.501500651            294271.0        1396.6
37114.601500714            294268.0        1279.0
37114.701500652            294440.0        1265.5
37114.801500715            294365.0        1266.6
37114.901500654            294309.0        1359.2
37115.001500717            294356.0        1169.3
37115.101500655            294219.0        1316.0
37115.201500718            294235.0        1381.2
37115.301500656            294328.0        1367.1
37115.401500720            294313.0        1329.6
37115.501500658            294314.0        1326.8
37115.601500721            294177.0        1362.1
37115.701500659            294215.0        1423.8
37115.801500598            294266.0        1329.6
37115.901500661            294272.0        1351.1
37116.001500599            294364.0        1350.5
37116.101500662            294336.0        1357.2
37116.201500601            294169.0        1344.6
37116.301500664            294315.0        1295.5
37116.401500602            294411.0        1189.5
37116.501500665            294199.0        1364.1
37116.601500603            294427.0        1310.9
37116.701500666            294211.0        1373.6
37116.801500604            294302.0        1353.4
37116.901500668            294284.0        1257.5
37117.001500606            294246.0        1397.3
37117.101500669            294182.0        1367.6
37117.201500607            294254.0        1374.0
37117.301500670            294193.0        1256.5
37117.401500608            294130.0        1370.3
37117.501500672            294191.0        1411.2
37117.601500610            294231.0        1369.1
37117.701500673            294318.0        1362.5
37117.801500611            294223.0        1318.1
37117.901500674            294393.0        1324.7
37118.001500612            294578.0        1223.7
37118.101500675            294381.0        1348.6
37118.201500614            294507.0        1326.9
37118.301500677            294226.0        1332.4
37118.401500615            294367.0        1341.8
37118.501500678            294248.0        1297.5
37118.601500616            294160.0        1372.7
37118.701500679            294327.0        1324.7
37118.801500618            294189.0        1323.2
37118.901500681            294116.0        1354.0
37119.001500619            294192.0        1325.9
37119.101500682            294184.0        1368.1
37119.201500620            294211.0        1338.1
37119.301500683            294353.0        1312.6
37119.401500621            294363.0        1283.8
37119.501500685            294444.0        1285.4
37119.601500622            294314.0        1393.0
37119.701500686            294290.0        1425.4
37119.801500624            294379.0        1291.8
37119.901500687            294239.0        1370.6
37120.001500625            294437.0        1307.2
37120.101500688            294260.0        1336.9
37120.201500627            294238.0        1388.9
37120.301500690            294260.0        1202.4
37120.401500628            294485.0         918.7
37120.501500691            294261.0        1338.1
37120.601500629            294229.0        1328.7
37120.701500692            294189.0        1454.9
37120.801500630            294225.0        1356.8
37120.901500693            294309.0        1391.7
37121.001500632            294312.0        1353.0
37121.101500694            294307.0        1349.1
37121.201500633            294208.0        1305.4
37121.301500696            294297.0        1288.0
37121.401500634            294310.0        1312.9
37121.501500697            294274.0        1185.6
37121.601500635            294238.0        1348.2
37121.701500699            294337.0        1231.3
37121.801500637            294360.0        1222.2
37121.901500699            294306.0        1326.6
37122.001500638            294120.0        1350.9
37122.101500701            294267.0        1332.3
37122.201500639            294138.0        1405.4
37122.301500702            294363.0        1377.8
37122.401500640            294205.0        1400.2
37122.501500704            294217.0        1466.4
37122.601500642            294376.0        1169.7
37122.701500705            294368.0        1327.6
37122.801500643            294350.0        1318.7
37122.901500706            294211.0        1383.2
37123.001500644            294386.0        1101.1
37123.101500707            294263.0        1322.2
37123.201500645            294383.0        1360.8
37123.301500708            294326.0        1221.6
37123.401500646            294320.0        1364.4
37123.501500709            294325.0        1305.6
37123.601500647            294349.0        1294.3
37123.701500711            294194.0        1320.7
37123.801500649            294291.0        1318.9
37123.901500712            294232.0        1349.9
37124.001500650            294211.0        1363.8
37124.101500713            294263.0        1318.3
37124.201500651            294304.0        1197.8
37124.301500715            294464.0        1316.0
37124.401500653            294257.0        1406.9
37124.501500716            294183.0        1382.7
37124.601500654            294291.0        1349.3
37124.701500717            294201.0        1401.2
37124.801500655            294377.0        1322.5
37124.901500718            294208.0        1318.8
37125.001500656            294149.0        1208.0
37125.101500719            294100.0        1364.0
37125.201500657            294169.0        1353.8
37125.301500720            294346.0        1234.6
37125.401500658            294288.0        1296.7
37125.501500722            294232.0        1347.8
37125.601500660            294268.0        1309.2
37125.701500598            294136.0        1393.5
37125.801500661            294395.0        1250.4
37125.901500599            294047.0        1416.8
37126.001500662            294350.0        1357.3
37126.101500600            294229.0        1379.1
37126.201500663            294208.0        1348.8
37126.301500601            294163.0        1294.2
37126.401500664            294392.0        1269.9
37126.501500602            294282.0        1368.3
37126.601500665            294264.0        1390.0
37126.701500603            294206.0        1283.8
37126.801500666            294204.0        1435.0
37126.901500604            294176.0        1406.2
37127.001500667            294323.0        1303.1
37127.101500606            294177.0        1406.3
37127.201500668            294174.0        1327.4
37127.301500607            294117.0        1379.3
37127.401500669            294106.0        1422.8
37127.501500608            294340.0        1310.0
37127.601500671            294258.0        1385.9
37127.701500609            294298.0        1262.7
37127.801500672            294331.0        1448.7
37127.901500610            294247.0        1391.6
37128.001500673            294344.0        1399.0
37128.101500611            294151.0        1298.9
37128.201500674            294326.0        1355.6
37128.301500612            294273.0        1345.4
37128.401500675            294324.0        1307.8
37128.501500613            294453.0        1062.5
37128.601500676            294282.0        1311.6
37128.701500614            294304.0        1361.0
37128.801500677            294236.0        1431.6
37128.901500616            294226.0        1350.4
37129.001500678            294336.0        1312.8
37129.101500617            294312.0        1354.6
37129.201500680            294356.0        1283.7
37129.301500618            294332.0        1206.2
37129.401500681            294216.0        1394.0
37129.501500619            294437.0        1154.6
37129.601500682            294378.0        1325.3
37129.701500620            294284.0        1362.3
37129.801500683            294388.0        1334.6
37129.901500621            294219.0        1252.0
37130.001500684            294245.0        1309.1
37130.101500622            294304.0        1307.4
37130.201500685            294269.0        1378.4
37130.301500623            294301.0        1340.0
37130.401500686            294209.0        1410.4
37130.501500624            294284.0        1328.1
37130.601500687            294240.0        1399.1
37130.701500625            294328.0        1232.5
37130.801500688            294286.0        1293.8
37130.901500626            294269.0        1299.0
37131.001500689            294330.0        1277.7
37131.101500627            294337.0        1328.9
37131.201500690            294311.0        1420.5
37131.301500628            294195.0        1254.6
37131.401500692            294347.0        1295.9
37131.501500630            294356.0        1228.7
37131.601500693            294210.0        1367.2
37131.701500631            294230.0        1348.0
37131.801500694            294263.0        1400.4
37131.901500632            294426.0        1299.5
37132.001500695            294257.0        1379.5
37132.101500633            294301.0        1298.6
37132.201500696            294333.0        1384.1
37132.301500634            294237.0        1352.1
37132.401500697            294376.0        1257.6
37132.501500635            294236.0        1305.6
37132.601500698            294224.0        1386.4
37132.701500637            294258.0        1430.9
37132.801500699            294136.0        1261.6
37132.901500638            294280.0        1319.5
37133.001500700            294341.0        1284.8
37133.101500639            294229.0        1308.4
37133.201500702            294454.0        1250.3
37133.301500640            294245.0        1296.8
37133.401500703            294379.0        1350.9
37133.501500641            294232.0        1277.8
37133.601500704            294388.0        1305.1
37133.701500642            294328.0        1408.6
37133.801500705            294445.0        1172.9
37133.901500643            294412.0        1279.4
37134.001500706            294332.0        1312.0
37134.101500644            294208.0        1355.4
37134.201500707            294176.0        1320.5
37134.301500645            294183.0        1337.7
37134.401500708            294250.0        1337.2
37134.501500646            294137.0        1395.6
37134.601500709            294532.0        1168.2
37134.701500647            294245.0        1296.8
37134.801500710            294234.0        1340.6
37134.901500649            294286.0        1302.1
37135.001500712            294327.0        1343.8
37135.101500649            294331.0        1269.6
37135.201500713            294317.0        1335.9
37135.301500651            294254.0        1288.7
37135.401500714            294370.0        1347.0
37135.501500652            294320.0        1313.2
37135.601500715            294330.0        1361.3
37135.701500653            294289.0        1334.3
37135.801500716            294222.0        1338.7
37135.901500654            294435.0        1295.6
37136.001500717            294208.0        1386.2
37136.101500655            294340.0        1361.4
37136.201500718            294196.0        1359.8
37136.301500656            294311.0        1373.5
37136.401500719            294291.0        1332.0
37136.501500657            294290.0        1237.3
37136.601500720            294237.0        1273.3
37136.701500658            294260.0        1340.4
37136.801500596            294300.0        1241.1
37136.901500659            294394.0        1266.5
37137.001500597            294314.0        1352.6
37137.101500660            294205.0        1335.5
37137.201500598            294285.0        1330.5
37137.301500661            294198.0        1325.4
37137.401500599            294211.0        1256.0
37137.501500662            294344.0        1302.0
37137.601500600            294258.0        1238.8
37137.701500663            294456.0        1350.7
37137.801500601            294179.0        1393.7
37137.901500664            294287.0        1346.6
37138.001500602            294226.0        1378.6
37138.101500665            294371.0        1336.0
37138.201500603            294208.0        1355.1
37138.301500665            294319.0        1297.6
37138.401500603            294364.0        1293.4
37138.501500667            294257.0        1276.0
37138.601500604            294290.0        1362.2
37138.701500667            294216.0        1329.4
37138.801500605            294264.0        1316.3
37138.901500669            294262.0        1323.5
37139.001500606            294342.0        1330.9
37139.101500669            294202.0        1357.1
37139.201500607            294301.0        1260.0
37139.301500670            294106.0        1330.6
37139.401500608            294212.0        1254.4
37139.501500671            294261.0        1323.9
37139.601500609            294386.0        1341.8
37139.701500672            294265.0        1313.9
37139.801500610            294359.0        1246.8
37139.901500673            294280.0        1375.7
37140.001500611            294398.0        1217.3
37140.101500674            294256.0        1315.7
37140.201500612            294264.0        1345.0
37140.301500674            294373.0        1326.3
37140.401500613            294341.0        1296.8
37140.501500676            294177.0        1247.1
37140.601500614            294397.0        1390.6
37140.701500677            294233.0        1294.9
37140.801500614            294386.0        1308.3
37140.901500677            294139.0        1356.2
37141.001500615            294325.0        1339.6
37141.101500678            294226.0        1349.5
37141.201500616            294284.0        1218.7
37141.301500679            294247.0        1305.1
37141.401500617            294326.0        1322.8
37141.501500680            294247.0        1241.8
37141.601500618            294376.0        1196.9
37141.701500681            294170.0        1126.2
37141.801500619            294158.0        1345.1
37141.901500682            294314.0        1271.3
37142.001500620            294242.0        1377.8
37142.101500683            294232.0        1401.5
37142.201500621            294216.0        1310.8
37142.301500684            294355.0        1355.3
37142.401500622            294355.0        1361.9
37142.501500684            294383.0        1150.7
37142.601500622            294201.0        1303.9
37142.701500685            294323.0        1401.5
37142.801500623            294226.0        1279.2
37142.901500686            294287.0        1255.7
37143.001500624            294380.0        1159.2
37143.101500687            294351.0        1228.8
37143.201500625            294260.0        1349.2
37143.301500688            294214.0        1354.6
37143.401500626            294142.0        1391.0
37143.501500689            294305.0        1260.8
37143.601500627            294296.0        1311.8
37143.701500690            294218.0        1417.2
