1300901
2018-07-16
424
28.7
44.5
756.8
36923.501500613            294429.0        1192.0
36923.601500680            294200.0        1291.9
36923.701500621            294210.0        1302.2
36923.801500688            294225.0        1328.8
36923.901500629            294190.0        1341.5
36924.001500696            294367.0        1316.7
36924.101500638            294210.0        1322.1
36924.201500704            294261.0        1341.1
36924.301500646            294269.0        1336.6
36924.401500712            294160.0        1376.7
36924.501500654            294368.0        1212.7
36924.601500721            294149.0        1346.9
36924.701500662            294274.0        1351.3
36924.801500604            294284.0        1276.4
36924.901500670            294211.0        1376.1
36925.001500612            294216.0        1381.8
36925.101500679            294289.0        1265.8
36925.201500620            294242.0        1346.6
36925.301500687            294317.0        1118.8
36925.401500628            294252.0        1404.4
36925.501500695            294175.0        1363.4
36925.601500637            294240.0        1377.5
36925.701500703            294248.0        1316.1
36925.801500645            294446.0        1235.8
36925.901500711            294303.0        1365.9
36926.001500653            294382.0        1300.2
36926.101500719            294368.0        1284.1
36926.201500661            294365.0        1337.6
36926.301500602            294253.0        1311.3
36926.401500669            294257.0        1299.7
36926.501500610            294233.0        1252.7
36926.601500677            294163.0        1408.3
36926.701500618            294203.0        1403.6
36926.801500685            294159.0        1402.7
36926.901500626            294151.0        1379.6
36927.001500692            294254.0        1351.1
36927.101500634            294232.0        1334.0
36927.201500700            294189.0        1389.9
36927.301500642            294208.0        1344.5
36927.401500709            294279.0        1120.5
36927.501500650            294248.0        1391.5
36927.601500717            294278.0        1400.1
36927.701500658            294280.0        1372.6
36927.801500724            294389.0        1320.9
36927.901500666            294291.0        1404.8
36928.001500608            294238.0        1380.6
36928.101500674            294351.0        1318.5
36928.201500615            294395.0        1340.7
36928.301500682            294183.0        1352.2
36928.401500623            294383.0        1295.3
36928.501500690            294155.0        1269.0
36928.601500631            294329.0        1317.3
36928.701500698            294280.0        1327.6
36928.801500639            294260.0        1310.5
36928.901500705            294298.0        1410.4
36929.001500647            294370.0        1277.4
36929.101500713            294427.0        1382.6
36929.201500655            294407.0        1380.3
36929.301500721            294193.0        1328.0
36929.401500663            294345.0        1320.7
36929.501500604            294378.0        1234.1
36929.601500670            294167.0        1355.0
36929.701500612            294350.0        1262.5
36929.801500678            294329.0        1365.6
36929.901500620            294190.0        1384.2
36930.001500686            294213.0        1406.0
36930.101500628            294408.0        1239.1
36930.201500694            294309.0        1257.8
36930.301500635            294417.0        1336.8
36930.401500702            294226.0        1386.3
36930.501500643            294403.0        1356.8
36930.601500709            294232.0        1303.1
36930.701500651            294336.0        1325.1
36930.801500717            294278.0        1329.8
36930.901500659            294289.0        1228.4
36931.001500725            294317.0        1303.6
36931.101500666            294091.0        1325.5
36931.201500608            294281.0        1371.8
36931.301500674            294334.0        1326.2
36931.401500616            294268.0        1384.8
36931.501500682            294307.0        1272.2
36931.601500623            294408.0        1328.3
36931.701500690            294220.0        1393.8
36931.801500631            294190.0        1283.4
36931.901500698            294293.0        1275.7
36932.001500639            294157.0        1380.9
36932.101500705            294383.0        1247.4
36932.201500647            294375.0        1413.6
36932.301500713            294215.0        1321.4
36932.401500654            294446.0        1300.1
36932.501500721            294363.0        1371.6
36932.601500662            294393.0        1310.2
36932.701500603            294263.0        1244.4
36932.801500670            294327.0        1018.7
36932.901500611            294204.0        1341.3
36933.001500678            294285.0        1368.2
36933.101500619            294171.0        1306.3
36933.201500685            294324.0        1354.9
36933.301500627            294203.0        1389.3
36933.401500693            294390.0        1283.9
36933.501500634            294196.0        1297.4
36933.601500701            294195.0        1382.7
36933.701500642            294263.0        1343.6
36933.801500708            294269.0        1245.8
36933.901500650            294373.0        1313.2
36934.001500716            294176.0        1448.6
36934.101500657            294263.0        1364.4
36934.201500724            294392.0        1392.3
36934.301500665            294308.0        1297.2
36934.401500607            294317.0        1322.1
36934.501500673            294266.0        1372.6
36934.601500614            294312.0        1253.1
36934.701500681            294313.0        1346.6
36934.801500622            294278.0        1377.0
36934.901500688            294297.0        1302.6
36935.001500630            294282.0        1352.1
36935.101500696            294129.0        1356.5
36935.201500637            294146.0        1414.9
36935.301500704            294332.0        1323.0
36935.401500645            294279.0        1330.2
36935.501500711            294055.0        1372.3
36935.601500653            294406.0        1233.4
36935.701500719            294366.0        1340.3
36935.801500660            294243.0        1302.3
36935.901500726            294409.0        1240.8
36936.001500667            294301.0        1268.8
36936.101500609            294328.0        1330.9
36936.201500675            294482.0         765.8
36936.301500616            294322.0        1194.2
36936.401500682            294301.0        1360.2
36936.501500624            294314.0        1228.1
36936.601500690            294237.0        1438.0
36936.701500631            294361.0        1289.9
36936.801500698            294179.0        1315.5
36936.901500639            294366.0        1203.4
36937.001500705            294400.0        1336.0
36937.101500646            294343.0        1351.3
36937.201500713            294261.0        1335.6
36937.301500654            294235.0        1635.1
36937.401500720            294233.0        1347.0
36937.501500661            294176.0        1416.1
36937.601500603            294302.0        1315.8
36937.701500669            294085.0        1322.2
36937.801500610            294277.0        1339.4
36937.901500677            294157.0        1340.5
36938.001500618            294157.0        1347.8
36938.101500684            294397.0        1377.7
36938.201500626            294272.0        1386.6
36938.301500692            294317.0        1239.7
36938.401500633            294349.0        1346.4
36938.501500699            294074.0        1306.3
36938.601500640            294329.0        1268.9
36938.701500707            294478.0        1285.7
36938.801500648            294292.0        1315.5
36938.901500714            294401.0        1231.1
36939.001500656            294375.0        1241.8
36939.101500722            294320.0        1377.9
36939.201500663            294303.0        1259.0
36939.301500729            294436.0        1347.1
36939.401500671            294149.0        1334.3
36939.501500612            294386.0        1332.3
36939.601500678            294181.0        1255.7
36939.701500619            294437.0        1316.1
36939.801500686            294212.0        1346.8
36939.901500627            294282.0        1395.1
36940.001500693            294337.0        1264.4
36940.101500634            294305.0        1350.5
36940.201500700            294226.0        1342.7
36940.301500642            294297.0        1340.5
36940.401500708            294317.0        1355.9
36940.501500649            294166.0        1379.8
36940.601500716            294224.0        1302.2
36940.701500657            294319.0        1272.4
36940.801500723            294357.0        1301.7
36940.901500664            294329.0        1280.9
36941.001500731            294247.0        1345.9
36941.101500672            294300.0        1387.2
36941.201500613            294385.0        1330.3
36941.301500680            294314.0        1320.7
36941.401500621            294201.0        1267.7
36941.501500687            294339.0        1295.4
36941.601500628            294269.0        1292.4
36941.701500694            294412.0        1317.7
36941.801500636            294135.0        1373.2
36941.901500702            294301.0        1353.6
36942.001500643            294348.0        1300.8
36942.101500709            294352.0        1098.2
36942.201500651            294336.0        1309.5
36942.301500717            294224.0        1370.3
36942.401500658            294092.0        1424.0
36942.501500724            294413.0        1353.9
36942.601500665            294290.0        1374.2
36942.701500731            294313.0        1303.8
36942.801500672            294410.0        1241.3
36942.901500613            294548.0        1229.1
36943.001500680            294183.0        1392.5
36943.101500621            294165.0        1328.0
36943.201500687            294356.0        1239.5
36943.301500628            294250.0        1344.9
36943.401500694            294358.0        1331.3
36943.501500635            294401.0        1356.3
36943.601500702            294299.0        1309.8
36943.701500643            294297.0        1259.6
36943.801500709            294316.0        1256.6
36943.901500650            294249.0        1322.8
36944.001500716            294124.0        1300.3
36944.101500657            294242.0        1359.5
36944.201500724            294241.0        1333.0
36944.301500665            294294.0        1237.7
36944.401500606            294302.0        1280.5
36944.501500672            294380.0        1075.4
36944.601500613            294199.0        1330.6
36944.701500680            294141.0        1344.7
36944.801500620            294150.0        1329.0
36944.901500687            294274.0        1315.0
36945.001500628            294275.0        1326.8
36945.101500694            294365.0        1350.3
36945.201500635            294350.0        1295.8
36945.301500701            294422.0        1266.6
36945.401500642            294331.0        1290.5
36945.501500709            294274.0        1349.8
36945.601500650            294253.0        1320.1
36945.701500716            292413.0        1512.9
36945.801500657            294392.0        1249.9
36945.901500723            294343.0        1251.3
36946.001500664            294322.0        1347.2
36946.101500605            294322.0        1344.5
36946.201500672            294438.0         982.5
36946.301500613            294241.0        1344.7
36946.401500679            294183.0        1318.9
36946.501500620            294278.0        1358.8
36946.601500686            294182.0        1340.5
36946.701500627            294275.0        1396.8
36946.801500693            294345.0        1306.9
36946.901500634            294284.0        1348.9
36947.001500700            294290.0        1283.7
36947.101500641            294240.0        1241.4
36947.201500707            294282.0        1277.1
36947.301500648            294261.0        1330.1
36947.401500714            294263.0        1412.8
36947.501500656            294342.0        1093.0
36947.601500722            294381.0        1355.1
36947.701500663            294375.0        1352.1
36947.801500604            294341.0        1241.5
36947.901500670            294273.0        1329.2
36948.001500611            294196.0        1297.7
36948.101500677            294350.0        1292.5
36948.201500618            294268.0        1361.6
36948.301500684            294270.0        1290.6
36948.401500625            294324.0        1321.3
36948.501500691            294189.0        1352.9
36948.601500632            294189.0        1361.5
36948.701500698            294304.0        1406.3
36948.801500639            294184.0        1343.0
36948.901500705            294202.0        1358.9
36949.001500646            294168.0        1383.4
36949.101500712            294224.0        1317.1
36949.201500653            294390.0        1248.5
36949.301500719            294348.0        1290.5
36949.401500660            294196.0        1408.2
36949.501500726            294225.0        1311.5
36949.601500667            294172.0        1414.7
36949.701500608            294157.0        1354.4
36949.801500674            294274.0        1311.2
36949.901500615            294378.0        1337.7
36950.001500681            294369.0        1217.5
36950.101500622            294289.0        1324.2
36950.201500688            294368.0        1289.4
36950.301500629            294310.0        1224.4
36950.401500695            294269.0        1370.1
36950.501500636            294208.0        1318.2
36950.601500702            294243.0        1374.8
36950.701500643            294322.0        1296.9
36950.801500709            294281.0        1363.1
36950.901500650            294272.0        1355.0
36951.001500716            294331.0        1271.3
36951.101500657            294124.0        1392.7
36951.201500723            294274.0        1307.3
36951.301500664            294351.0        1331.1
36951.401500605            294408.0        1050.4
36951.501500671            294147.0        1369.5
36951.601500612            294292.0        1237.8
36951.701500678            294250.0        1368.6
36951.801500619            294062.0        1348.5
36951.901500685            294248.0        1375.3
36952.001500626            294102.0        1412.6
36952.101500691            294381.0        1323.4
36952.201500633            294043.0        1384.1
36952.301500698            294261.0        1348.6
36952.401500640            294227.0        1368.0
36952.501500706            294290.0        1294.9
36952.601500646            294148.0        1388.5
36952.701500712            294258.0        1352.2
36952.801500653            294174.0        1352.3
36952.901500719            294188.0        1349.5
36953.001500660            294265.0        1392.3
36953.101500726            294286.0        1350.5
36953.201500667            294410.0         659.7
36953.301500608            294330.0        1283.5
36953.401500673            294304.0        1289.3
36953.501500614            294437.0        1289.8
36953.601500680            294206.0        1385.8
36953.701500621            294376.0        1120.1
36953.801500687            294365.0        1330.8
36953.901500628            294222.0        1370.5
36954.001500694            294234.0        1350.7
36954.101500635            294280.0        1298.0
36954.201500701            294374.0        1282.0
36954.301500642            294166.0        1365.9
36954.401500708            294185.0        1393.0
36954.501500649            294195.0        1171.9
36954.601500715            294271.0        1333.3
36954.701500656            294112.0        1367.8
36954.801500722            294141.0        1371.8
36954.901500662            294256.0        1353.1
36955.001500603            294412.0        1335.2
36955.101500669            294238.0        1271.3
36955.201500610            294201.0        1288.0
36955.301500676            294364.0        1376.1
36955.401500617            294290.0        1202.6
36955.501500683            294402.0        1255.7
36955.601500624            294373.0        1191.7
36955.701500690            294163.0        1296.6
36955.801500631            294136.0        1343.7
36955.901500696            294351.0        1264.0
36956.001500637            294341.0        1278.2
36956.101500703            294334.0        1225.3
36956.201500644            294326.0        1305.6
36956.301500710            294296.0        1249.4
36956.401500651            294215.0        1362.9
36956.501500717            294121.0        1366.7
36956.601500658            294135.0        1375.8
36956.701500723            294262.0        1388.1
36956.801500664            294301.0        1361.0
36956.901500605            294309.0        1389.1
36957.001500671            294486.0        1134.0
36957.101500612            294180.0        1339.9
36957.201500678            294272.0        1368.7
36957.301500619            294180.0        1337.1
36957.401500684            294265.0        1408.2
36957.501500625            294466.0        1316.0
36957.601500691            294191.0        1395.5
36957.701500632            294263.0        1316.1
36957.801500698            294263.0        1287.4
36957.901500638            294243.0        1293.6
36958.001500704            294442.0        1288.4
36958.101500645            294366.0        1330.5
36958.201500711            294280.0        1306.6
36958.301500652            294378.0        1208.2
36958.401500718            294142.0        1276.3
36958.501500658            294302.0        1314.2
36958.601500724            294410.0        1289.7
36958.701500665            294299.0        1385.6
36958.801500606            294388.0        1299.0
36958.901500672            294296.0        1348.2
36959.001500612            294308.0        1295.5
36959.101500678            294208.0        1361.9
36959.201500619            294192.0        1313.2
36959.301500684            294208.0        1434.2
36959.401500625            294265.0        1310.1
36959.501500691            294199.0        1351.1
36959.601500632            294291.0        1353.0
36959.701500697            294366.0        1203.9
36959.801500638            294282.0        1331.8
36959.901500704            294273.0        1321.8
36960.001500645            294433.0        1319.5
36960.101500710            294223.0        1332.6
36960.201500651            294270.0        1396.3
36960.301500717            294161.0        1354.0
36960.401500657            294263.0        1367.6
36960.501500723            294322.0        1372.5
36960.601500664            294261.0        1399.3
36960.701500605            294340.0        1236.0
36960.801500671            294394.0        1267.0
36960.901500611            294204.0        1272.8
36961.001500677            294384.0        1267.1
36961.101500618            294269.0        1353.9
36961.201500683            294288.0        1293.5
36961.301500624            294231.0        1329.6
36961.401500690            294241.0        1300.9
36961.501500631            294176.0        1311.5
36961.601500696            294204.0        1320.6
36961.701500637            294328.0        1273.0
36961.801500703            294294.0        1297.8
36961.901500643            294275.0        1327.1
36962.001500709            294229.0        1258.9
36962.101500650            294165.0        1358.7
36962.201500716            294184.0        1370.4
36962.301500656            294267.0        1421.2
36962.401500722            294230.0        1308.7
36962.501500663            294285.0        1339.6
36962.601500603            294413.0        1279.5
36962.701500669            294312.0        1245.1
36962.801500610            294259.0        1263.5
36962.901500675            294315.0        1349.7
36963.001500616            294397.0        1272.6
36963.101500682            294390.0        1223.1
36963.201500622            294397.0        1313.1
36963.301500688            294225.0        1314.2
36963.401500629            294245.0        1180.1
36963.501500694            294402.0        1279.6
36963.601500635            294306.0        1212.3
36963.701500701            294270.0        1291.7
36963.801500642            294464.0        1266.5
36963.901500708            294187.0        1265.6
36964.001500648            294346.0        1257.5
36964.101500713            294355.0        1325.1
36964.201500654            294247.0        1409.2
36964.301500720            294381.0        1369.5
36964.401500661            294269.0        1282.6
36964.501500601            294249.0        1333.6
36964.601500667            294230.0        1398.5
36964.701500608            294267.0        1308.0
36964.801500673            294334.0        1238.5
36964.901500614            294169.0        1363.6
36965.001500680            294472.0        1244.6
36965.101500620            294152.0        1449.5
36965.201500686            294263.0        1477.6
36965.301500627            294205.0        1348.9
36965.401500692            294246.0        1318.2
36965.501500633            294329.0        1187.5
36965.601500698            294180.0        1309.0
36965.701500639            294189.0        1315.9
36965.801500705            294499.0        1171.7
36965.901500646            294093.0        1353.6
36966.001500711            294162.0        1252.7
36966.101500651            294238.0        1339.2
36966.201500717            294180.0        1243.6
36966.301500658            294299.0        1317.6
36966.401500723            294342.0        1274.3
36966.501500664            294235.0        1345.4
36966.601500605            294276.0        1325.1
36966.701500670            294237.0        1215.7
36966.801500611            294286.0        1371.6
36966.901500677            294199.0        1344.1
36967.001500617            294205.0        1254.9
36967.101500683            294248.0        1409.9
36967.201500623            294383.0        1294.8
36967.301500689            294247.0        1291.4
36967.401500630            294244.0        1328.4
36967.501500695            294383.0        1318.6
36967.601500636            294257.0        1284.7
36967.701500702            294125.0        1300.5
36967.801500642            294272.0        1333.2
36967.901500708            294269.0        1381.1
36968.001500648            294115.0        1335.1
36968.101500714            294403.0        1307.1
36968.201500655            294163.0        1327.6
36968.301500720            294248.0        1321.2
36968.401500661            294133.0        1304.2
36968.501500602            294339.0        1337.0
36968.601500667            294214.0        1341.0
36968.701500608            294238.0        1326.0
36968.801500674            294393.0        1282.9
36968.901500614            294237.0        1389.1
36969.001500680            294182.0        1350.5
36969.101500621            294271.0        1347.0
36969.201500686            294214.0        1340.3
36969.301500627            294348.0        1345.9
36969.401500692            294346.0        1180.6
36969.501500633            294414.0        1148.2
36969.601500698            294279.0        1352.3
36969.701500639            294294.0        1346.2
36969.801500705            294326.0        1299.3
36969.901500645            294225.0        1360.9
36970.001500711            294126.0        1334.6
36970.101500652            294334.0        1315.7
36970.201500717            294234.0        1294.9
36970.301500658            294169.0        1284.9
36970.401500723            294462.0        1230.6
36970.501500664            294282.0        1389.6
36970.601500604            294282.0        1323.6
36970.701500670            294261.0        1344.2
36970.801500610            294287.0        1220.6
36970.901500676            294241.0        1342.7
36971.001500616            294249.0        1322.5
36971.101500682            294322.0        1380.8
36971.201500623            294204.0        1365.5
36971.301500688            294345.0        1356.2
36971.401500629            294297.0        1361.0
36971.501500694            294306.0        1378.0
36971.601500635            294434.0        1347.1
36971.701500700            294294.0        1293.7
36971.801500641            294239.0        1394.5
36971.901500706            294171.0        1371.3
36972.001500647            294369.0        1242.2
36972.101500712            294228.0        1259.2
36972.201500653            294372.0        1168.2
36972.301500718            294252.0        1371.3
36972.401500659            294264.0        1262.9
36972.501500724            294365.0        1368.0
36972.601500665            294324.0        1266.8
36972.701500605            294212.0        1346.9
36972.801500670            294310.0        1316.8
36972.901500611            294382.0        1375.8
36973.001500676            294147.0        1348.9
36973.101500617            294296.0        1256.8
36973.201500682            294285.0        1354.0
36973.301500622            294217.0        1302.1
36973.401500688            294125.0        1386.0
36973.501500628            294262.0        1246.2
36973.601500694            294428.0        1215.4
36973.701500634            294449.0        1396.6
36973.801500700            294235.0        1356.3
36973.901500640            294262.0        1310.2
36974.001500705            294239.0        1363.1
36974.101500646            294189.0        1350.2
36974.201500711            294179.0        1300.7
36974.301500652            294240.0        1391.7
36974.401500717            294250.0        1322.5
36974.501500657            294238.0        1285.8
36974.601500723            294264.0        1284.7
36974.701500663            294227.0        1315.7
36974.801500604            294404.0        1321.9
36974.901500670            294352.0        1233.7
36975.001500610            294148.0        1414.0
36975.101500675            294307.0        1242.2
36975.201500615            294534.0        1323.4
36975.301500681            294206.0        1187.9
36975.401500621            294377.0        1398.9
36975.501500687            294173.0        1390.0
36975.601500627            294179.0        1417.0
36975.701500693            294470.0        1296.6
36975.801500633            294306.0        1318.8
36975.901500699            294141.0        1366.7
36976.001500639            294365.0        1236.8
36976.101500704            294302.0        1338.7
36976.201500645            294210.0        1400.0
36976.301500710            294298.0        1354.8
36976.401500651            294206.0        1390.9
36976.501500716            294290.0        1277.9
36976.601500657            294326.0        1280.7
36976.701500722            294179.0        1352.2
36976.801500663            294179.0        1389.2
36976.901500603            294236.0        1329.0
36977.001500668            294158.0        1389.0
36977.101500609            294369.0        1209.5
36977.201500674            294351.0        1321.7
36977.301500615            294319.0        1369.2
36977.401500680            294349.0        1403.9
36977.501500620            294276.0        1399.4
36977.601500686            294206.0        1376.3
36977.701500626            294241.0        1284.8
36977.801500691            294348.0        1343.4
36977.901500632            294371.0        1263.4
36978.001500697            294333.0        1338.1
36978.101500638            294325.0        1316.3
36978.201500703            294250.0        1298.5
36978.301500643            294288.0        1254.0
36978.401500709            294158.0        1357.7
36978.501500649            294282.0        1354.8
36978.601500715            294277.0        1248.9
36978.701500655            294334.0        1268.7
36978.801500596            294218.0        1222.7
36978.901500661            294219.0        1323.1
36979.001500726            294190.0        1200.4
36979.101500666            294259.0        1334.5
36979.201500607            294267.0        1319.2
36979.301500672            294430.0        1311.6
36979.401500612            294248.0        1349.6
36979.501500678            294278.0        1322.5
36979.601500618            294195.0        1394.4
36979.701500684            294278.0        1335.0
36979.801500624            294265.0        1370.4
36979.901500689            294290.0        1323.3
36980.001500630            294225.0        1372.7
36980.101500695            294392.0        1177.1
36980.201500635            294275.0        1284.8
36980.301500701            294192.0        1379.0
36980.401500641            294251.0        1306.4
36980.501500706            294294.0        1230.1
36980.601500647            294367.0        1273.4
36980.701500712            294411.0        1185.7
36980.801500652            294236.0        1244.0
36980.901500718            294372.0        1046.0
36981.001500658            294283.0        1244.8
36981.101500723            294402.0        1250.9
36981.201500664            294262.0        1437.4
36981.301500729            294636.0         618.8
36981.401500669            294222.0        1238.3
36981.501500609            294267.0        1274.7
36981.601500675            294397.0        1363.0
36981.701500615            294364.0        1303.1
36981.801500680            294249.0        1258.1
36981.901500621            294298.0        1294.9
36982.001500686            294242.0        1309.0
36982.101500626            294139.0        1377.2
36982.201500691            294245.0        1270.4
36982.301500632            294379.0        1305.8
36982.401500697            294284.0        1340.0
36982.501500637            294288.0        1272.8
36982.601500702            294254.0        1335.1
36982.701500643            294364.0        1312.9
36982.801500708            294243.0        1286.0
36982.901500649            294226.0        1253.1
36983.001500714            294455.0        1131.2
36983.101500654            294430.0        1286.9
