1300901
2018-07-16
421
28.7
44.5
756.8
36708.601500724            279973.0        1297.2
36708.701500672            279890.0        1331.2
36708.801500746            280015.0        1339.6
36708.901500693            280101.0        1300.4
36709.001500641            279920.0        1330.8
36709.101500714            280102.0        1359.1
36709.201500662            279910.0        1422.6
36709.301500735            280105.0        1338.1
36709.401500683            279962.0        1289.7
36709.501500631            280109.0        1285.7
36709.601500704            280140.0        1297.4
36709.701500651            279966.0        1261.2
36709.801500724            279931.0        1441.5
36709.901500672            279901.0        1316.6
36710.001500745            280009.0        1402.7
36710.101500693            280013.0        1337.0
36710.201500641            279959.0        1326.2
36710.301500714            280016.0        1349.1
36710.401500661            280090.0        1348.6
36710.501500734            279901.0        1337.5
36710.601500683            279976.0        1269.6
36710.701500630            280109.0        1366.9
36710.801500703            280022.0        1274.4
36710.901500651            280176.0        1169.0
36711.001500724            280032.0        1342.8
36711.101500672            279953.0        1280.4
36711.201500744            280063.0        1322.3
36711.301500692            279939.0        1386.1
36711.401500640            280027.0        1295.1
36711.501500713            279963.0        1286.8
36711.601500661            280036.0        1337.6
36711.701500734            280100.0        1394.1
36711.801500682            279979.0        1273.5
36711.901500629            280085.0        1287.9
36712.001500702            279928.0        1367.0
36712.101500650            279868.0        1416.2
36712.201500722            280023.0        1299.6
36712.301500670            279856.0        1329.2
36712.401500743            279916.0        1262.4
36712.501500691            280022.0        1364.8
36712.601500639            280032.0        1356.4
36712.701500711            279946.0        1324.6
36712.801500659            279954.0        1359.1
36712.901500732            279922.0        1322.0
36713.001500680            280083.0        1327.2
36713.101500627            280088.0        1337.6
36713.201500700            280036.0        1328.7
36713.301500648            280022.0        1413.2
36713.401500721            279994.0        1391.6
36713.501500668            279973.0        1387.7
36713.601500741            279946.0        1363.8
36713.701500689            279979.0        1320.7
36713.801500637            280013.0        1454.1
36713.901500709            280006.0        1398.0
36714.001500657            280019.0        1329.4
36714.101500730            279979.0        1302.8
36714.201500678            280026.0        1306.7
36714.301500625            280052.0        1302.1
36714.401500698            279853.0        1444.0
36714.501500646            279858.0        1390.6
36714.601500718            280121.0        1291.8
36714.701500666            279955.0        1398.8
36714.801500739            279922.0        1417.4
36714.901500686            280000.0        1325.7
36715.001500634            280072.0        1376.7
36715.101500707            279925.0        1419.3
36715.201500654            279992.0        1336.6
36715.301500727            279878.0        1460.5
36715.401500675            279948.0        1305.1
36715.501500622            279910.0        1404.4
36715.601500695            279913.0        1451.6
36715.701500643            280047.0        1373.2
36715.801500715            279895.0        1350.8
36715.901500663            280068.0        1403.4
36716.001500736            280007.0        1286.5
36716.101500683            280016.0        1395.9
36716.201500631            280110.0        1306.0
36716.301500703            280052.0        1296.6
36716.401500651            279981.0        1414.1
36716.501500724            280079.0        1262.6
36716.601500671            280144.0        1275.9
36716.701500744            279906.0        1377.2
36716.801500692            279984.0        1300.7
36716.901500639            279962.0        1359.3
36717.001500712            280152.0        1202.8
36717.101500660            279933.0        1431.3
36717.201500732            279851.0        1293.4
36717.301500680            280120.0        1331.2
36717.401500627            279893.0        1370.2
36717.501500700            280029.0        1289.3
36717.601500648            280066.0        1323.5
36717.701500720            279955.0        1384.7
36717.801500668            280020.0        1355.9
36717.901500740            279986.0        1382.2
36718.001500688            280040.0        1175.0
36718.101500635            279950.0        1387.6
36718.201500708            279938.0        1455.9
36718.301500655            280199.0        1236.2
36718.401500728            279986.0        1350.0
36718.501500676            279944.0        1307.5
36718.601500623            280032.0        1292.1
36718.701500696            279968.0        1368.4
36718.801500643            280149.0        1364.2
36718.901500716            280047.0        1399.7
36719.001500664            280090.0        1319.1
36719.101500736            279967.0        1330.3
36719.201500684            280079.0        1346.0
36719.301500631            280123.0        1364.5
36719.401500704            280015.0        1347.8
36719.501500652            280140.0        1323.4
36719.601500724            280095.0        1295.7
36719.701500671            279958.0        1309.7
36719.801500744            280066.0        1220.2
36719.901500692            280066.0        1369.9
36720.001500639            280224.0        1372.8
36720.101500712            280078.0        1314.8
36720.201500659            279968.0        1429.5
36720.301500732            280051.0        1284.9
36720.401500679            279954.0        1396.8
36720.501500627            279876.0        1393.5
36720.601500699            279968.0        1388.6
36720.701500647            280128.0        1247.8
36720.801500719            280072.0        1302.9
36720.901500667            280147.0        1218.0
36721.001500739            280007.0        1385.5
36721.101500687            280046.0        1270.2
36721.201500634            280078.0        1366.3
36721.301500706            279962.0        1312.3
36721.401500654            279952.0        1216.0
36721.501500727            280051.0        1301.2
36721.601500674            280039.0        1381.2
36721.701500622            279986.0        1368.4
36721.801500694            280008.0        1302.6
36721.901500641            279964.0        1315.8
36722.001500714            279945.0        1249.2
36722.101500661            279919.0        1394.5
36722.201500734            280046.0        1365.9
36722.301500682            279856.0        1404.6
36722.401500629            280000.0        1346.4
36722.501500701            280132.0        1209.2
36722.601500649            280068.0        1271.5
36722.701500721            280033.0        1349.1
36722.801500669            279907.0        1345.7
36722.901500741            280048.0        1305.9
36723.001500688            279981.0        1327.8
36723.101500636            279940.0        1431.1
36723.201500708            279926.0        1379.6
36723.301500656            280060.0        1288.3
36723.401500728            280094.0        1270.2
36723.501500675            279992.0        1345.4
36723.601500623            280045.0        1165.4
36723.701500695            279904.0        1300.8
36723.801500643            279968.0        1322.1
36723.901500715            279904.0        1365.8
36724.001500663            279946.0        1382.5
36724.101500735            279991.0        1439.7
36724.201500682            280008.0        1345.9
36724.301500629            280101.0        1368.1
36724.401500702            279908.0        1385.1
36724.501500649            280013.0        1358.9
36724.601500721            279965.0        1293.2
36724.701500669            280013.0        1359.9
36724.801500741            279988.0        1272.4
36724.901500688            279985.0        1222.8
36725.001500636            280039.0        1354.8
36725.101500708            280119.0        1213.1
36725.201500655            280044.0        1348.8
36725.301500728            279921.0        1438.8
36725.401500675            279922.0        1359.3
36725.501500622            279961.0        1380.5
36725.601500695            279865.0        1419.8
36725.701500642            279933.0        1352.9
36725.801500714            280025.0        1402.0
36725.901500662            279987.0        1355.6
36726.001500734            279846.0        1396.2
36726.101500681            280048.0        1391.9
36726.201500629            279921.0        1441.5
36726.301500701            280042.0        1272.5
36726.401500648            280041.0        1360.1
36726.501500721            279971.0        1349.3
36726.601500668            280081.0        1293.3
36726.701500740            280099.0        1260.4
36726.801500688            279862.0        1392.5
36726.901500635            280010.0        1302.7
36727.001500707            279932.0        1340.5
36727.101500655            279974.0        1235.8
36727.201500727            279985.0        1285.6
36727.301500674            280275.0         928.7
36727.401500622            279869.0        1340.2
36727.501500694            279968.0        1314.5
36727.601500641            280000.0        1401.2
36727.701500713            280017.0        1341.9
36727.801500661            279994.0        1435.6
36727.901500733            279985.0        1386.2
36728.001500680            280152.0        1354.8
36728.101500627            279838.0        1434.5
36728.201500700            280083.0        1328.9
36728.301500647            279911.0        1342.0
36728.401500719            280073.0        1334.9
36728.501500667            280042.0        1221.1
36728.601500739            279967.0        1340.8
36728.701500686            280019.0        1367.4
36728.801500633            280191.0        1344.7
36728.901500705            279984.0        1324.3
36729.001500653            280000.0        1374.5
36729.101500725            280017.0        1348.0
36729.201500672            279976.0        1370.7
36729.301500744            279975.0        1351.2
36729.401500692            279967.0        1400.2
36729.501500639            280151.0        1387.7
36729.601500711            279993.0        1413.3
36729.701500658            280059.0        1326.1
36729.801500731            280202.0        1123.9
36729.901500678            279969.0        1323.8
36730.001500625            279948.0        1372.5
36730.101500697            279965.0        1350.0
36730.201500645            279968.0        1381.2
36730.301500717            280007.0        1351.7
36730.401500664            280186.0        1273.5
36730.501500736            279947.0        1295.5
36730.601500683            280048.0        1244.4
36730.701500630            280097.0        1272.7
36730.801500703            280014.0        1326.2
36730.901500650            280000.0        1331.4
36731.001500722            279899.0        1385.7
36731.101500669            280072.0        1354.4
36731.201500741            280050.0        1309.0
36731.301500689            280153.0        1250.9
36731.401500636            280000.0        1391.4
36731.501500708            279863.0        1350.5
36731.601500655            280042.0        1313.5
36731.701500727            279938.0        1364.5
36731.801500674            280041.0        1205.7
36731.901500622            279958.0        1297.0
36732.001500694            279943.0        1318.8
36732.101500641            279979.0        1371.9
36732.201500713            279915.0        1389.2
36732.301500660            280036.0        1374.3
36732.401500732            280075.0        1304.9
36732.501500679            280006.0        1339.4
36732.601500627            279921.0        1345.8
36732.701500699            279967.0        1302.1
36732.801500646            279967.0        1315.8
36732.901500718            279992.0        1328.3
36733.001500665            280008.0        1356.0
36733.101500737            280170.0        1194.7
36733.201500684            280055.0        1352.6
36733.301500631            280048.0        1358.1
36733.401500703            279953.0        1338.0
36733.501500650            279993.0        1276.0
36733.601500723            279923.0        1283.3
36733.701500669            280007.0        1333.7
36733.801500742            280058.0        1273.2
36733.901500689            280225.0        1429.4
36734.001500636            280144.0        1480.8
36734.101500708            280273.0        1269.0
36734.201500655            279967.0        1298.3
36734.301500727            279924.0        1389.4
36734.401500674            280064.0        1361.8
36734.501500621            279918.0        1410.5
36734.601500693            279961.0        1359.0
36734.701500640            279984.0        1366.3
36734.801500713            280158.0        1193.8
36734.901500660            280111.0        1287.4
36735.001500732            280103.0        1163.0
36735.101500679            280039.0        1301.9
36735.201500626            279994.0        1372.9
36735.301500698            280094.0        1366.6
36735.401500645            280009.0        1316.3
36735.501500717            280041.0        1226.6
36735.601500664            279984.0        1378.4
36735.701500736            280097.0        1301.1
36735.801500683            280067.0        1337.7
36735.901500630            279965.0        1384.7
36736.001500702            280037.0        1337.1
36736.101500649            279954.0        1332.1
36736.201500721            280029.0        1314.7
36736.301500668            280039.0        1363.9
36736.401500740            279985.0        1314.4
36736.501500688            279993.0        1329.4
36736.601500634            279943.0        1259.4
36736.701500706            280084.0        1308.0
36736.801500653            280016.0        1381.4
36736.901500725            279931.0        1232.7
36737.001500672            279979.0        1388.7
36737.101500744            279992.0        1351.0
36737.201500691            280063.0        1339.8
36737.301500638            280061.0        1367.4
36737.401500710            280103.0        1275.2
36737.501500657            279945.0        1381.9
36737.601500729            280059.0        1366.4
36737.701500676            279829.0        1426.2
36737.801500623            279908.0        1385.0
36737.901500695            280074.0        1375.8
36738.001500642            280037.0        1366.3
36738.101500713            279937.0        1324.6
36738.201500660            279908.0        1348.3
36738.301500732            280083.0        1312.9
36738.401500679            279893.0        1437.5
36738.501500626            280019.0        1271.7
36738.601500698            279921.0        1414.9
36738.701500645            279947.0        1369.5
36738.801500717            279954.0        1395.6
36738.901500664            279982.0        1274.0
36739.001500736            279937.0        1317.0
36739.101500682            280015.0        1400.9
36739.201500629            279994.0        1352.4
36739.301500701            279897.0        1434.6
36739.401500648            279899.0        1378.4
36739.501500720            279993.0        1393.6
36739.601500667            280087.0        1243.4
36739.701500739            280013.0        1281.5
36739.801500685            280245.0        1328.4
36739.901500632            279984.0        1392.4
36740.001500704            279993.0        1373.9
36740.101500651            280061.0        1289.9
36740.201500723            280069.0        1389.1
36740.301500669            279967.0        1317.5
36740.401500741            279946.0        1310.1
36740.501500688            280027.0        1393.4
36740.601500635            280077.0        1389.7
36740.701500707            279932.0        1304.0
36740.801500654            280079.0        1315.3
36740.901500725            280026.0        1324.0
36741.001500672            280000.0        1347.1
36741.101500619            279962.0        1316.0
36741.201500691            279918.0        1386.2
36741.301500638            280007.0        1337.5
36741.401500709            280067.0        1367.2
36741.501500656            279980.0        1383.4
36741.601500728            280008.0        1362.6
36741.701500675            279861.0        1298.0
36741.801500622            280023.0        1348.8
36741.901500694            279927.0        1365.8
36742.001500641            280027.0        1324.4
36742.101500712            280025.0        1257.6
36742.201500659            280144.0        1208.0
36742.301500731            280040.0        1307.8
36742.401500678            280037.0        1335.6
36742.501500624            280107.0        1278.9
36742.601500696            280170.0        1249.3
36742.701500643            280037.0        1313.4
36742.801500715            280018.0        1244.4
36742.901500661            280143.0        1305.8
36743.001500733            279940.0        1349.4
36743.101500680            280014.0        1302.4
36743.201500626            280098.0        1372.0
36743.301500698            280205.0        1052.3
36743.401500645            280077.0        1321.4
36743.501500716            280079.0        1330.1
36743.601500663            279984.0        1313.4
36743.701500735            280000.0        1319.7
36743.801500682            279944.0        1350.0
36743.901500628            280006.0        1345.0
36744.001500700            280021.0        1315.1
36744.101500647            279993.0        1373.7
36744.201500719            280007.0        1300.1
36744.301500665            280026.0        1263.0
36744.401500737            280007.0        1397.6
36744.501500683            280141.0        1310.7
36744.601500630            280178.0        1301.4
36744.701500702            279951.0        1377.2
36744.801500648            279981.0        1431.1
36744.901500720            280102.0        1118.3
36745.001500667            280028.0        1360.9
36745.101500739            279993.0        1310.0
36745.201500686            279941.0        1313.5
36745.301500632            280059.0        1425.9
36745.401500704            280015.0        1396.0
36745.501500651            279994.0        1317.0
36745.601500722            279992.0        1312.9
36745.701500669            279940.0        1355.8
36745.801500741            279925.0        1432.2
36745.901500687            265193.0        1352.1
36746.001500634            279992.0        1421.8
36746.101500706            279933.0        1343.5
36746.201500653            279975.0        1399.0
36746.301500724            280078.0        1268.3
36746.401500670            280049.0        1356.4
36746.501500742            279825.0        1451.2
36746.601500689            279974.0        1340.7
36746.701500636            279842.0        1336.0
36746.801500707            279933.0        1317.1
36746.901500654            279956.0        1316.2
36747.001500726            280103.0        1310.5
36747.101500672            280015.0        1359.4
36747.201500744            280155.0        1273.3
36747.301500691            279796.0        1389.5
36747.401500637            279844.0        1383.7
36747.501500709            280124.0        1172.2
36747.601500656            280014.0        1238.7
36747.701500727            279845.0        1375.0
36747.801500674            279936.0        1331.9
36747.901500621            279986.0        1335.6
36748.001500692            279984.0        1366.9
36748.101500639            279981.0        1303.5
36748.201500710            280000.0        1310.6
36748.301500657            280020.0        1315.9
36748.401500729            280054.0        1281.0
36748.501500675            279922.0        1426.8
36748.601500622            280051.0        1365.1
36748.701500693            280133.0        1318.9
36748.801500640            280108.0        1331.2
36748.901500711            280048.0        1335.7
36749.001500658            279931.0        1317.4
36749.101500730            279926.0        1391.1
36749.201500676            279830.0        1397.8
36749.301500623            279895.0        1345.7
36749.401500694            280099.0        1357.4
36749.501500641            280063.0        1326.7
36749.601500712            279964.0        1268.2
36749.701500659            280012.0        1417.8
36749.801500730            280057.0        1305.5
36749.901500677            279951.0        1397.6
36750.001500624            279842.0        1331.0
36750.101500695            280111.0        1345.1
36750.201500642            279941.0        1370.1
36750.301500713            280077.0        1342.8
36750.401500660            280059.0        1291.1
36750.501500732            280049.0        1245.0
36750.601500678            279760.0        1365.3
36750.701500625            280207.0        1148.7
36750.801500696            280006.0        1335.8
36750.901500643            280028.0        1323.2
36751.001500714            280151.0        1265.2
36751.101500661            279952.0        1429.8
36751.201500732            279869.0        1410.9
36751.301500679            279954.0        1412.3
36751.401500626            280114.0        1182.6
36751.501500697            279925.0        1307.8
36751.601500644            279918.0        1386.6
36751.701500715            280009.0        1291.8
36751.801500662            279909.0        1324.9
36751.901500733            280078.0        1376.5
36752.001500680            280123.0        1322.5
36752.101500626            280027.0        1374.9
36752.201500698            280020.0        1389.3
36752.301500644            280132.0        1347.8
36752.401500716            280000.0        1345.3
36752.501500662            280037.0        1366.3
36752.601500734            280089.0        1337.0
36752.701500680            279970.0        1346.0
36752.801500627            279951.0        1374.0
36752.901500698            279986.0        1277.2
36753.001500644            279973.0        1305.8
36753.101500716            280052.0        1364.7
36753.201500663            280000.0        1396.6
36753.301500734            279993.0        1419.4
36753.401500680            280112.0        1332.6
36753.501500627            279993.0        1275.6
36753.601500699            279867.0        1344.0
36753.701500645            280059.0        1321.1
36753.801500716            279947.0        1374.3
36753.901500663            279940.0        1337.7
36754.001500734            279928.0        1310.5
36754.101500680            280071.0        1346.9
36754.201500627            280087.0        1331.1
36754.301500698            280025.0        1375.3
36754.401500645            280008.0        1392.2
36754.501500716            280020.0        1267.4
36754.601500662            280015.0        1351.5
36754.701500734            280055.0        1332.0
36754.801500680            280000.0        1279.3
36754.901500627            279915.0        1364.5
36755.001500698            279978.0        1252.3
36755.101500644            280055.0        1287.1
36755.201500716            279960.0        1360.7
36755.301500662            279992.0        1363.5
36755.401500733            279933.0        1362.3
36755.501500680            279874.0        1400.6
36755.601500626            280000.0        1388.4
36755.701500698            279886.0        1413.5
36755.801500644            280085.0        1420.8
36755.901500716            279950.0        1281.4
36756.001500662            280049.0        1206.2
36756.101500733            279948.0        1342.2
36756.201500680            280210.0        1103.0
36756.301500626            280129.0        1300.5
36756.401500697            280069.0        1298.6
36756.501500644            280110.0        1165.7
36756.601500715            279963.0        1340.6
36756.701500661            279985.0        1343.9
36756.801500733            280157.0        1308.5
36756.901500679            279987.0        1308.4
36757.001500625            280166.0        1285.1
36757.101500697            280148.0        1340.2
36757.201500643            279992.0        1400.3
36757.301500714            279955.0        1327.5
36757.401500661            280067.0        1337.4
36757.501500732            280086.0        1242.7
36757.601500678            279987.0        1379.8
36757.701500625            280000.0        1351.5
36757.801500696            279981.0        1400.3
36757.901500642            280015.0        1313.4
36758.001500714            280058.0        1346.7
36758.101500660            279907.0        1354.9
36758.201500731            280171.0        1228.6
36758.301500678            280028.0        1350.7
36758.401500624            279952.0        1324.1
36758.501500695            280018.0        1385.2
36758.601500641            280055.0        1378.5
36758.701500713            280205.0        1168.5
36758.801500659            280074.0        1052.3
36758.901500730            279892.0        1437.3
36759.001500677            279933.0        1391.5
36759.101500623            280045.0        1269.9
36759.201500694            280156.0        1387.4
36759.301500640            280051.0        1378.2
36759.401500711            280074.0        1462.1
36759.501500657            280039.0        1365.8
36759.601500729            280052.0        1292.2
36759.701500675            280026.0        1400.0
36759.801500621            279945.0        1363.1
36759.901500692            279986.0        1179.6
36760.001500639            279895.0        1402.3
36760.101500710            280100.0        1240.4
36760.201500656            280058.0        1384.4
36760.301500727            279865.0        1407.6
36760.401500673            280060.0        1256.7
36760.501500745            280225.0        1245.9
36760.601500691            279939.0        1390.0
36760.701500637            280088.0        1330.6
36760.801500708            280100.0        1330.1
36760.901500654            279985.0        1301.5
36761.001500726            280015.0        1255.0
36761.101500672            279963.0        1367.8
36761.201500743            279955.0        1336.4
36761.301500689            280000.0        1446.1
36761.401500635            279898.0        1377.7
36761.501500707            279913.0        1328.4
36761.601500653            279954.0        1304.5
36761.701500724            280000.0        1398.5
36761.801500670            280120.0        1328.0
36761.901500742            280081.0        1331.5
36762.001500688            280006.0        1436.8
36762.101500634            279959.0        1343.8
36762.201500705            280094.0        1291.5
36762.301500651            280103.0        1378.0
36762.401500723            279910.0        1401.4
36762.501500669            280025.0        1351.7
36762.601500740            279842.0        1402.1
36762.701500686            279883.0        1439.2
36762.801500633            280099.0        1379.8
36762.901500703            280028.0        1378.9
36763.001500650            280008.0        1443.9
36763.101500721            280021.0        1266.9
36763.201500667            280000.0        1268.5
36763.301500738            280093.0        1313.2
36763.401500685            279852.0        1379.7
36763.501500631            280119.0        1194.3
36763.601500702            279950.0        1409.1
36763.701500648            279948.0        1394.6
36763.801500719            279952.0        1372.8
36763.901500665            279983.0        1310.1
36764.001500736            280027.0        1370.3
36764.101500682            280032.0        1240.4
36764.201500629            279927.0        1340.0
36764.301500699            279916.0        1370.8
36764.401500646            280104.0         691.7
36764.501500716            279903.0        1345.0
36764.601500663            279900.0        1459.7
36764.701500734            279872.0        1385.4
36764.801500680            280100.0        1401.1
36764.901500626            279967.0        1382.8
36765.001500697            279790.0        1379.6
36765.101500643            280074.0        1313.7
36765.201500714            280069.0        1206.7
36765.301500660            280097.0        1359.8
36765.401500732            280025.0        1200.2
36765.501500678            279993.0        1309.3
36765.601500624            280120.0        1368.9
36765.701500695            279959.0        1363.6
36765.801500641            280083.0        1300.6
36765.901500712            280037.0        1329.0
36766.001500658            280058.0        1306.3
36766.101500729            280095.0        1356.4
36766.201500675            279960.0        1300.0
36766.301500621            280049.0        1370.6
36766.401500692            280057.0        1292.0
36766.501500638            279948.0        1412.3
36766.601500709            279993.0        1356.3
36766.701500655            280035.0        1258.0
36766.801500726            280027.0        1307.1
36766.901500672            280053.0        1295.4
36767.001500743            279923.0        1412.7
36767.101500689            280144.0        1302.1
36767.201500635            279947.0        1402.0
36767.301500706            280046.0        1257.5
36767.401500652            280038.0        1347.6
36767.501500723            280032.0        1299.6
36767.601500669            280044.0        1367.8
36767.701500740            279886.0        1357.0
36767.801500686            280038.0        1380.6
36767.901500632            280051.0        1359.9
36768.001500703            280030.0        1316.5
36768.101500649            279956.0        1317.7
36768.201500720            280008.0        1408.1
