1300901
2018-07-16
425
28.7
44.5
756.8
36996.101500618            294212.0        1367.9
36996.201500683            294531.0        1332.1
36996.301500623            294273.0        1289.6
36996.401500688            294230.0        1371.1
36996.501500628            294248.0        1355.0
36996.601500693            294357.0        1318.3
36996.701500633            294374.0        1320.5
36996.801500698            294255.0        1371.3
36996.901500638            294224.0        1390.7
36997.001500703            294231.0        1374.2
36997.101500643            294222.0        1387.8
36997.201500708            294072.0        1364.7
36997.301500648            294259.0        1370.8
36997.401500713            294320.0        1280.2
36997.501500652            294256.0        1293.9
36997.601500718            294239.0        1399.7
36997.701500658            294272.0        1249.2
36997.801500722            294256.0        1387.7
36997.901500662            294189.0        1374.5
36998.001500602            294372.0        1242.1
36998.101500667            294271.0        1308.8
36998.201500607            294207.0        1377.5
36998.301500672            294262.0        1387.5
36998.401500612            294273.0        1244.0
36998.501500677            294374.0        1189.9
36998.601500617            294219.0        1331.1
36998.701500682            294400.0        1277.5
36998.801500621            294252.0        1370.1
36998.901500686            294216.0        1320.6
36999.001500626            294171.0        1275.9
36999.101500691            294348.0        1194.0
36999.201500631            294318.0        1270.3
36999.301500696            294223.0        1252.7
36999.401500636            294327.0        1315.8
36999.501500701            294431.0        1131.8
36999.601500641            294257.0        1351.5
36999.701500706            294360.0        1128.5
36999.801500645            294268.0        1321.4
36999.901500710            294190.0        1293.7
37000.001500650            294382.0        1353.7
37000.101500715            294209.0        1332.9
37000.201500655            294285.0        1302.5
37000.301500720            294307.0        1283.4
37000.401500659            294110.0        1408.7
37000.501500599            294239.0        1385.2
37000.601500664            294380.0        1343.5
37000.701500604            294389.0        1365.7
37000.801500669            294305.0        1236.1
37000.901500609            294153.0        1370.6
37001.001500674            294371.0        1289.8
37001.101500613            294276.0        1232.2
37001.201500679            294220.0        1336.1
37001.301500618            294136.0        1428.1
37001.401500683            294272.0        1340.4
37001.501500623            294230.0        1348.9
37001.601500688            294284.0        1372.1
37001.701500628            294315.0        1254.1
37001.801500692            294327.0        1363.2
37001.901500632            294402.0        1268.2
37002.001500697            294302.0        1331.8
37002.101500637            294244.0        1361.3
37002.201500702            294280.0        1309.8
37002.301500642            294385.0        1347.0
37002.401500706            294208.0        1260.4
37002.501500646            294279.0        1269.5
37002.601500711            294505.0        1209.4
37002.701500651            294131.0        1437.4
37002.801500716            294297.0        1320.5
37002.901500655            294321.0        1321.5
37003.001500720            294167.0        1392.2
37003.101500660            294222.0        1319.1
37003.201500600            294225.0        1285.0
37003.301500665            294333.0        1315.6
37003.401500604            294337.0        1268.6
37003.501500669            294273.0        1303.1
37003.601500609            294319.0        1275.3
37003.701500674            294399.0        1328.5
37003.801500614            294396.0        1226.0
37003.901500679            294256.0        1350.2
37004.001500618            294088.0        1320.8
37004.101500683            294294.0        1334.6
37004.201500623            294347.0        1298.6
37004.301500688            294318.0        1261.2
37004.401500628            294309.0        1237.7
37004.501500692            294274.0        1362.1
37004.601500632            294254.0        1212.2
37004.701500696            294200.0        1372.5
37004.801500636            294247.0        1311.1
37004.901500701            294288.0        1319.0
37005.001500641            294142.0        1298.8
37005.101500706            294169.0        1307.4
37005.201500645            294440.0        1271.7
37005.301500710            294143.0        1362.6
37005.401500650            294279.0        1320.8
37005.501500714            294335.0        1365.8
37005.601500654            294325.0        1328.5
37005.701500719            294341.0        1206.2
37005.801500659            294284.0        1187.6
37005.901500598            294284.0        1263.4
37006.001500663            294349.0        1252.4
37006.101500603            294366.0        1319.9
37006.201500668            294316.0        1339.7
37006.301500607            294217.0        1313.3
37006.401500672            294342.0        1350.4
37006.501500612            294256.0        1354.6
37006.601500676            294184.0        1348.4
37006.701500616            294305.0        1306.7
37006.801500681            294261.0        1251.5
37006.901500621            294380.0        1304.6
37007.001500685            294347.0        1318.1
37007.101500625            294204.0        1309.9
37007.201500690            294200.0        1355.5
37007.301500630            294284.0        1364.7
37007.401500694            294283.0        1343.4
37007.501500634            294406.0        1210.8
37007.601500699            294259.0        1315.9
37007.701500638            294368.0        1269.3
37007.801500703            294420.0        1296.5
37007.901500643            294325.0        1351.7
37008.001500708            294309.0        1147.6
37008.101500648            294250.0        1253.8
37008.201500712            294252.0        1314.6
37008.301500652            294350.0        1298.4
37008.401500717            294407.0        1024.8
37008.501500656            294268.0        1367.9
37008.601500721            294307.0        1336.4
37008.701500661            294313.0        1227.7
37008.801500601            294068.0        1412.8
37008.901500665            294350.0        1283.2
37009.001500605            294371.0        1322.0
37009.101500670            294190.0        1305.7
37009.201500610            294195.0        1348.9
37009.301500674            294363.0        1212.8
37009.401500614            294377.0        1321.2
37009.501500679            294312.0        1349.8
37009.601500619            294238.0        1349.3
37009.701500683            294293.0        1330.1
37009.801500623            294351.0        1237.2
37009.901500688            294230.0        1291.3
37010.001500628            294181.0        1391.6
37010.101500693            294388.0        1118.1
37010.201500632            294185.0        1295.3
37010.301500697            294269.0        1225.5
37010.401500637            294227.0        1250.7
37010.501500701            294302.0        1362.3
37010.601500641            294237.0        1305.6
37010.701500706            294442.0        1320.7
37010.801500645            294299.0        1371.2
37010.901500710            294199.0        1346.2
37011.001500650            294406.0        1221.9
37011.101500714            294371.0        1297.9
37011.201500654            294250.0        1316.3
37011.301500719            294264.0        1361.1
37011.401500659            294339.0        1166.0
37011.501500723            294401.0        1265.0
37011.601500663            294376.0        1278.8
37011.701500603            294250.0        1261.4
37011.801500667            294097.0        1349.7
37011.901500607            294256.0        1281.1
37012.001500672            294289.0        1308.7
37012.101500611            294206.0        1335.7
37012.201500676            294333.0        1345.0
37012.301500616            294229.0        1349.7
37012.401500681            294228.0        1235.1
37012.501500620            294248.0        1295.1
37012.601500685            294269.0        1314.0
37012.701500625            294303.0        1321.5
37012.801500689            294195.0        1304.8
37012.901500629            294181.0        1394.1
37013.001500694            294295.0        1386.0
37013.101500634            294310.0        1315.0
37013.201500698            294137.0        1357.7
37013.301500638            294247.0        1280.4
37013.401500702            294280.0        1314.2
37013.501500642            294320.0        1311.7
37013.601500707            294311.0        1352.0
37013.701500647            294244.0        1369.7
37013.801500711            294213.0        1284.8
37013.901500651            294292.0        1256.3
37014.001500716            294207.0        1289.6
37014.101500655            294299.0        1351.3
37014.201500720            294316.0        1329.9
37014.301500660            294087.0        1375.6
37014.401500600            294109.0        1402.5
37014.501500664            294370.0        1401.2
37014.601500604            294413.0        1265.2
37014.701500668            294166.0        1328.0
37014.801500608            294194.0        1316.6
37014.901500673            294340.0        1277.7
37015.001500613            294270.0        1254.5
37015.101500677            294273.0        1283.2
37015.201500617            294309.0        1281.3
37015.301500681            294340.0        1222.5
37015.401500621            294267.0        1338.3
37015.501500686            294151.0        1408.5
37015.601500625            294411.0         945.3
37015.701500690            294383.0        1331.7
37015.801500630            294288.0        1258.6
37015.901500694            294339.0        1214.7
37016.001500634            294198.0        1342.8
37016.101500699            294296.0        1310.3
37016.201500638            294313.0        1329.9
37016.301500703            294413.0        1283.6
37016.401500642            294304.0        1159.5
37016.501500707            294426.0        1162.6
37016.601500647            294220.0        1420.7
37016.701500711            294074.0        1389.9
37016.801500651            294221.0        1388.9
37016.901500716            294195.0        1306.1
37017.001500655            294360.0        1357.4
37017.101500720            294288.0        1294.4
37017.201500659            294310.0        1257.8
37017.301500599            294200.0        1420.7
37017.401500664            294230.0        1378.1
37017.501500603            294308.0        1369.2
37017.601500668            294192.0        1259.2
37017.701500607            294306.0        1332.3
37017.801500672            294289.0        1320.6
37017.901500612            294377.0        1332.7
37018.001500677            294242.0        1370.0
37018.101500616            294206.0        1317.1
37018.201500680            294246.0        1276.3
37018.301500620            294331.0        1247.5
37018.401500685            294380.0        1290.3
37018.501500624            294237.0        1379.2
37018.601500689            294275.0        1305.4
37018.701500628            294222.0        1320.0
37018.801500693            294373.0        1370.4
37018.901500632            294385.0        1279.1
37019.001500697            294309.0        1321.3
37019.101500636            294301.0        1286.9
37019.201500701            294176.0        1312.2
37019.301500641            294170.0        1422.3
37019.401500705            294395.0        1315.4
37019.501500645            294345.0        1261.8
37019.601500709            294307.0        1268.6
37019.701500649            294293.0        1359.2
37019.801500713            294287.0        1369.7
37019.901500653            294437.0        1203.4
37020.001500718            294070.0        1411.6
37020.101500657            294344.0         842.5
37020.201500722            294342.0        1367.5
37020.301500661            294242.0        1315.1
37020.401500601            294265.0        1380.4
37020.501500665            294246.0        1377.2
37020.601500605            294424.0        1284.7
37020.701500669            294210.0        1269.9
37020.801500609            294334.0        1288.4
37020.901500673            294357.0        1342.6
37021.001500613            294285.0        1316.0
37021.101500678            294392.0        1477.7
37021.201500617            294215.0        1393.3
37021.301500681            294362.0        1302.6
37021.401500621            294134.0        1374.6
37021.501500686            294218.0        1368.3
37021.601500625            294219.0        1382.0
37021.701500689            294210.0        1381.8
37021.801500629            294281.0        1313.6
37021.901500694            294389.0        1300.4
37022.001500633            294287.0        1390.2
37022.101500698            294203.0        1289.2
37022.201500637            294284.0        1413.3
37022.301500702            294308.0        1305.1
37022.401500641            294324.0        1172.0
37022.501500706            294267.0        1333.6
37022.601500645            294379.0        1288.4
37022.701500710            294314.0        1377.7
37022.801500649            294200.0        1380.0
37022.901500714            294229.0        1332.8
37023.001500653            294397.0        1217.1
37023.101500718            294314.0        1303.5
37023.201500657            294220.0        1358.7
37023.301500721            294362.0        1331.4
37023.401500661            294055.0        1331.5
37023.501500600            294313.0        1417.9
37023.601500664            294422.0        1292.3
37023.701500604            294271.0        1319.9
37023.801500669            294101.0        1319.4
37023.901500608            294249.0        1369.6
37024.001500673            294213.0        1370.8
37024.101500612            294412.0        1223.5
37024.201500676            294254.0        1274.4
37024.301500616            294283.0        1300.9
37024.401500680            294360.0        1391.9
37024.501500620            294283.0        1348.6
37024.601500684            294398.0        1299.0
37024.701500624            294328.0        1363.6
37024.801500688            294294.0        1256.3
37024.901500627            294255.0        1340.4
37025.001500692            294232.0        1290.1
37025.101500631            294291.0        1379.3
37025.201500696            294378.0        1209.5
37025.301500635            294318.0        1325.1
37025.401500700            294153.0        1276.5
37025.501500639            294132.0        1365.9
37025.601500704            294405.0        1206.6
37025.701500643            294336.0        1269.9
37025.801500707            294199.0        1241.4
37025.901500647            294445.0        1325.1
37026.001500711            294253.0        1294.3
37026.101500651            294129.0        1345.5
37026.201500715            294329.0        1411.0
37026.301500654            294317.0        1331.6
37026.401500719            294184.0        1347.0
37026.501500658            294280.0        1211.4
37026.601500723            294256.0        1388.8
37026.701500662            294338.0        1360.3
37026.801500602            294241.0        1317.5
37026.901500666            294181.0        1344.0
37027.001500605            294197.0        1347.8
37027.101500670            294372.0        1256.7
37027.201500609            294041.0        1289.0
37027.301500673            294328.0        1312.1
37027.401500613            294384.0        1374.8
37027.501500677            294209.0        1393.7
37027.601500617            294269.0        1188.6
37027.701500681            294384.0        1063.3
37027.801500621            294036.0        1379.4
37027.901500685            294229.0        1309.5
37028.001500625            294433.0        1198.0
37028.101500689            294270.0        1326.7
37028.201500628            294288.0        1299.9
37028.301500693            294463.0        1142.9
37028.401500632            294254.0        1269.7
37028.501500697            294257.0        1212.5
37028.601500636            294365.0        1276.2
37028.701500700            294099.0        1409.1
37028.801500640            294263.0        1265.5
37028.901500704            294218.0        1375.1
37029.001500644            294225.0        1431.2
37029.101500708            294256.0        1323.6
37029.201500647            294389.0        1340.8
37029.301500712            294468.0        1195.3
37029.401500651            294236.0        1305.5
37029.501500716            294328.0        1342.1
37029.601500655            294257.0        1264.2
37029.701500719            294329.0        1122.5
37029.801500659            294182.0        1357.7
37029.901500598            294276.0        1267.8
37030.001500663            294414.0        1228.7
37030.101500602            294191.0        1353.7
37030.201500666            294287.0        1391.0
37030.301500605            294305.0        1348.7
37030.401500670            294149.0        1383.6
37030.501500609            294227.0        1349.3
37030.601500673            294236.0        1318.6
37030.701500613            294377.0        1290.1
37030.801500677            294302.0        1376.7
37030.901500616            294162.0        1334.9
37031.001500680            294179.0        1272.3
37031.101500620            294110.0        1348.1
37031.201500684            294360.0        1321.2
37031.301500623            294252.0        1291.4
37031.401500687            294269.0        1354.5
37031.501500627            294234.0        1325.5
37031.601500691            294196.0        1341.3
37031.701500631            294277.0        1294.5
37031.801500695            294360.0        1315.0
37031.901500634            294225.0        1337.5
37032.001500699            294131.0        1313.1
37032.101500638            294257.0        1327.4
37032.201500702            294336.0        1263.6
37032.301500642            294332.0        1279.1
37032.401500706            294236.0        1373.6
37032.501500645            294229.0        1344.6
37032.601500709            294142.0        1350.4
37032.701500649            294298.0        1218.1
37032.801500713            294237.0        1271.7
37032.901500652            294296.0        1295.3
37033.001500717            294252.0        1319.1
37033.101500656            294287.0        1335.0
37033.201500720            294228.0        1308.2
37033.301500660            294332.0        1248.3
37033.401500724            294403.0        1363.5
37033.501500663            294244.0        1452.7
37033.601500603            294211.0        1316.5
37033.701500667            294101.0        1403.2
37033.801500606            294190.0        1211.1
37033.901500670            294370.0        1260.9
37034.001500609            294163.0        1308.5
37034.101500674            294146.0        1363.3
37034.201500613            294187.0        1298.1
37034.301500677            294210.0        1265.2
37034.401500616            294306.0        1305.1
37034.501500681            294190.0        1289.1
37034.601500620            294140.0        1304.4
37034.701500684            294358.0        1303.9
37034.801500623            294362.0        1371.8
37034.901500688            294345.0        1248.6
37035.001500627            294309.0        1349.9
37035.101500691            294249.0        1318.1
37035.201500630            294141.0        1344.4
37035.301500694            294292.0        1310.8
37035.401500634            294287.0        1238.7
37035.501500698            294222.0        1295.3
37035.601500637            294240.0        1382.6
37035.701500701            294290.0        1387.9
37035.801500640            294330.0        1241.7
37035.901500705            294274.0        1393.5
37036.001500644            294341.0        1242.4
37036.101500708            294292.0        1320.5
37036.201500647            294268.0        1357.5
37036.301500712            294345.0        1361.0
37036.401500651            294243.0        1376.4
37036.501500715            294266.0        1312.8
37036.601500655            294360.0        1309.7
37036.701500719            294297.0        1288.2
37036.801500658            294050.0        1354.8
37036.901500597            294413.0        1361.7
37037.001500662            294181.0        1317.4
37037.101500601            294136.0        1317.4
37037.201500665            294342.0        1278.1
37037.301500604            294246.0        1457.0
37037.401500669            294078.0        1419.3
37037.501500608            294166.0        1277.6
37037.601500672            294265.0        1384.3
37037.701500611            294245.0        1346.9
37037.801500676            294277.0        1296.5
37037.901500615            294368.0        1287.9
37038.001500679            294247.0        1366.3
37038.101500619            294234.0        1257.1
37038.201500683            294227.0        1288.8
37038.301500622            294232.0        1338.6
37038.401500686            294252.0        1304.2
37038.501500625            294137.0        1312.9
37038.601500690            294335.0        1248.4
37038.701500629            294332.0        1194.8
37038.801500693            294185.0        1381.9
37038.901500632            294427.0        1244.9
37039.001500696            294132.0        1351.9
37039.101500636            294260.0        1338.6
37039.201500700            294286.0        1400.1
37039.301500639            294111.0        1341.3
37039.401500703            294249.0        1404.9
37039.501500642            294289.0        1410.2
37039.601500707            294216.0        1269.4
37039.701500646            294276.0        1303.9
37039.801500710            294206.0        1378.7
37039.901500649            294128.0        1435.0
37040.001500713            294370.0        1293.2
37040.101500652            294147.0        1388.9
37040.201500717            294330.0        1277.6
37040.301500656            294210.0        1312.3
37040.401500720            294112.0        1324.4
37040.501500659            294394.0        1193.1
37040.601500598            294175.0        1375.9
37040.701500663            294212.0        1249.4
37040.801500602            294262.0        1394.1
37040.901500666            294236.0        1403.9
37041.001500605            294263.0        1246.3
37041.101500669            294285.0        1275.1
37041.201500609            294101.0        1324.7
37041.301500673            294285.0        1440.1
37041.401500612            294322.0        1313.8
37041.501500676            294259.0        1346.6
37041.601500615            294325.0        1302.0
37041.701500679            294311.0        1275.9
37041.801500619            294209.0        1355.8
37041.901500683            294295.0        1341.6
37042.001500622            294214.0        1330.1
37042.101500686            294177.0        1393.4
37042.201500625            294395.0        1299.8
37042.301500690            294323.0        1281.2
37042.401500629            294312.0        1298.9
37042.501500693            294274.0        1286.0
37042.601500632            294254.0        1425.1
37042.701500696            294208.0        1351.3
37042.801500636            294159.0        1354.8
37042.901500700            294162.0        1268.8
37043.001500639            294255.0        1316.9
37043.101500703            294443.0        1074.1
37043.201500642            294256.0        1286.0
37043.301500707            294231.0        1251.8
37043.401500646            294299.0        1245.0
37043.501500710            294267.0        1149.4
37043.601500649            294352.0        1296.4
37043.701500588            294167.0        1306.4
37043.801500653            294227.0        1324.9
37043.901500717            294259.0        1309.5
37044.001500656            294169.0        1364.6
37044.101500720            294299.0        1298.5
37044.201500659            294274.0        1270.0
37044.301500723            294346.0        1341.3
37044.401500662            294248.0        1377.0
37044.501500602            294336.0        1355.9
37044.601500666            294393.0        1321.5
37044.701500605            294360.0        1233.2
37044.801500669            294392.0        1311.9
37044.901500608            294310.0        1326.7
37045.001500672            294236.0        1335.2
37045.101500611            294271.0        1245.8
37045.201500675            294266.0        1285.1
37045.301500614            294308.0        1249.0
37045.401500679            294245.0        1339.9
37045.501500618            294234.0        1367.8
37045.601500682            294457.0        1210.5
37045.701500621            294315.0        1230.6
37045.801500685            294288.0        1297.5
37045.901500624            294297.0        1372.8
37046.001500688            294222.0        1316.1
37046.101500628            294279.0        1381.9
37046.201500692            294308.0        1317.1
37046.301500631            294348.0        1299.6
37046.401500695            294186.0        1441.3
37046.501500634            294376.0        1363.6
37046.601500698            294270.0        1380.3
37046.701500638            294236.0        1426.6
37046.801500701            294211.0        1353.5
37046.901500640            294273.0        1278.7
37047.001500705            294287.0        1323.0
37047.101500644            294358.0        1376.1
37047.201500708            294363.0        1160.4
37047.301500647            294296.0        1288.3
37047.401500711            294046.0        1370.7
37047.501500650            294262.0        1341.1
37047.601500714            294433.0        1376.0
37047.701500653            294366.0        1389.6
37047.801500717            294174.0        1286.7
37047.901500657            294287.0        1301.8
37048.001500721            294331.0        1295.5
37048.101500660            294098.0        1427.5
37048.201500724            294210.0        1349.7
37048.301500663            294354.0        1357.3
37048.401500602            294302.0        1279.3
37048.501500666            294240.0        1368.1
37048.601500605            294355.0        1332.3
37048.701500670            294286.0        1319.7
37048.801500609            294109.0        1358.9
37048.901500673            294340.0        1337.9
37049.001500612            294292.0        1235.3
37049.101500676            294340.0        1250.4
37049.201500615            294362.0        1309.5
37049.301500679            294195.0        1331.1
37049.401500618            294343.0        1338.6
37049.501500682            294145.0        1359.6
37049.601500621            294306.0        1313.4
37049.701500685            294435.0        1320.4
37049.801500624            294375.0        1380.9
37049.901500688            294210.0        1378.5
37050.001500627            294322.0        1402.2
37050.101500691            294349.0        1351.5
37050.201500630            294279.0        1308.6
37050.301500695            294340.0        1340.4
37050.401500633            294270.0        1374.2
37050.501500698            294280.0        1207.6
37050.601500636            294284.0        1353.2
37050.701500701            294089.0        1389.0
37050.801500639            294224.0        1412.5
37050.901500704            294383.0        1371.7
37051.001500642            294349.0        1338.3
37051.101500707            294195.0        1356.7
37051.201500645            294304.0        1416.7
37051.301500710            294191.0        1391.2
37051.401500649            294190.0        1326.0
37051.501500712            294243.0        1396.6
37051.601500651            294363.0        1325.1
37051.701500716            294055.0        1382.7
37051.801500654            294202.0        1395.3
37051.901500718            294265.0        1321.1
37052.001500657            294286.0        1360.1
37052.101500721            294481.0        1313.3
37052.201500660            294084.0        1384.5
37052.301500600            294279.0        1373.2
37052.401500663            294225.0        1422.9
37052.501500603            294285.0        1377.3
37052.601500667            294165.0        1344.4
37052.701500606            294184.0        1354.6
37052.801500670            294292.0        1354.7
37052.901500609            294361.0        1231.3
37053.001500673            294192.0        1382.1
37053.101500612            294370.0        1339.4
37053.201500676            294293.0        1366.5
37053.301500615            294298.0        1387.5
37053.401500679            294176.0        1355.1
37053.501500618            294294.0        1356.7
37053.601500682            294413.0        1233.6
37053.701500621            294197.0        1407.1
37053.801500685            294360.0        1384.7
37053.901500624            294363.0        1381.5
37054.001500688            294417.0        1339.2
37054.101500627            294132.0        1406.1
37054.201500691            294284.0        1313.6
37054.301500630            294321.0        1403.6
37054.401500693            294223.0        1388.5
37054.501500633            294299.0        1359.0
37054.601500697            294303.0        1295.1
37054.701500636            294282.0        1272.9
37054.801500700            294192.0        1347.8
37054.901500639            294166.0        1404.2
37055.001500703            294372.0        1406.9
37055.101500641            294313.0        1290.8
37055.201500706            294157.0        1399.6
37055.301500644            294149.0        1357.9
37055.401500709            294199.0        1364.9
37055.501500647            294156.0        1334.6
37055.601500711            294390.0        1242.8
37055.701500650            294146.0        1285.2
