1003001
2018-01-07
117
-1.5
74.4
767.6
60259.401500825        8812840960.0        1246.1
60259.701500839        8806117508.0         812.9
60260.101500859        8797182094.0         610.4
60260.401500874        8790502749.0         761.1
60260.601500884        8786060475.0         495.0
60260.801500893        8781626656.0         766.4
60261.001500903        8777201255.0         559.1
60261.101500908        8774991426.0        1172.2
60261.301500918        8770578900.0         915.2
60261.401500923        8768375627.0         648.7
60262.601500857        8742101702.0         369.6
60263.401500897        8724761825.0         110.6
60264.501500828        8701256935.0         284.2
60265.401500873        8682012340.0         632.2
60265.701500888        8675675473.0         414.7
60265.801500893        8673567259.0         541.3
60267.201500840        8644287920.0         512.5
60267.401500850        8640140527.0         485.5
60267.501500855        8638069970.0        1387.3
60267.601500860        8636002031.0        1092.0
60267.701500865        8633936039.0        1060.3
60267.801500871        8631872314.0        1288.2
60267.901500876        8629811195.0        1142.7
60268.001500881        8627751816.0         586.7
60268.101500886        8625694867.0         581.4
60268.201500891        8623640201.0        1082.4
60268.301500897        8621587721.0        1002.6
60268.401500902        8619537715.0         796.1
60268.501500907        8617489870.0        1071.8
60268.601500913        8615443842.0         917.1
60270.501500889        8577003502.0         754.9
60270.601500894        8575002618.0        1531.7
60270.701500900        8573004773.0         855.9
60270.801500905        8571008522.0        1320.4
60270.901500911        8569014887.0        1331.2
60271.101500921        8565034626.0        1012.4
60271.201500927        8563047541.0        1546.6
60271.301500932        8561063240.0         728.0
60271.401500937        8559080937.0        1072.2
60271.601500823        8555123278.0         693.4
60271.901500840        8549204068.0         725.2
60272.301500861        8541344261.0         393.0
60273.201500909        8523793793.0         688.5
60273.301500915        8521855367.0        1089.7
60273.501500925        8517985430.0        1136.1
60273.601500931        8516053939.0        1315.3
60273.701500936        8514125110.0        1090.9
60273.801500942        8512197950.0        1257.9
60273.901500947        8510273712.0        1189.7
60274.001500828        8508351601.0        1206.1
60274.101500833        8506431706.0        1316.2
60274.201500838        8504514052.0        1290.7
60274.301500844        8502598846.0        1394.3
60274.401500849        8500372652.0         384.6
60274.501500854        8498775364.0        1558.6
60274.601500860        8496867652.0         863.4
60274.701500865        8494961722.0         488.7
60274.801500871        8493058290.0         800.7
60274.901500876        8491157134.0         720.6
60275.101500887        8487361908.0         929.7
60275.201500893        8485467964.0         999.2
60275.301500898        8483576109.0        1242.0
60275.501500909        8479799949.0        1186.1
60275.601500914        8477915289.0         781.6
60275.701500920        8476032959.0         760.7
60275.801500925        8474152918.0        1184.0
60276.201500947        8466656921.0        1216.8
60276.601500843        8459198671.0        1074.9
60276.701500849        8457339970.0         592.9
60276.801500854        8455483907.0         630.5
60277.001500865        8451778564.0         951.4
60277.101500870        8449929462.0        1112.4
60277.201500876        8448082701.0         691.5
60277.301500881        8446238230.0        1401.4
60277.401500886        8444396233.0         549.9
60277.501500892        8442556898.0         566.1
60277.801500908        8437052521.0         672.9
60277.901500913        8435222468.0         552.3
60278.001500919        8433394796.0         755.3
60278.101500924        8431569434.0        1373.9
60278.401500940        8426108372.0         929.9
60278.501500946        8424292617.0        1173.5
60278.601500826        8422479408.0         599.1
60278.901500842        8417054159.0        1254.6
60279.001500847        8415250642.0        1092.5
60279.101500853        8413449492.0         969.6
60279.201500858        8411650614.0         611.1
60279.301500864        8409854395.0        1014.5
60279.401500869        8408060585.0        1012.3
60279.501500874        8406268932.0         713.5
60279.601500880        8404479910.0         933.4
60279.701500885        8402693221.0        1272.7
60279.901500896        8399127262.0         894.1
60280.101500907        8395570823.0         984.3
60280.201500912        8393796281.0         688.8
60280.401500923        8390254387.0         914.9
60280.501500928        8388487066.0        1279.6
60280.601500934        8386722370.0        1241.1
60281.101500836        8377935018.0         947.1
60282.101500889        8360543598.0         735.5
60282.201500894        8358818051.0         859.7
60282.401500905        8355373842.0        1499.1
60282.601500915        8351940260.0         700.8
60282.701500921        8350226700.0        1399.4
60282.801500926        8348516033.0        1340.7
60282.901500931        8346807531.0        1347.8
60283.001500937        8345101913.0         700.1
60283.101500942        8343398037.0        1587.1
60283.201500947        8341697139.0        1441.5
60283.301500828        8339998702.0        1295.7
60283.401500833        8338302756.0        1218.7
60283.501500839        8336609160.0        1417.1
60283.601500844        8334918206.0        1440.2
60283.701500849        8333229716.0        1063.4
60284.001500865        8328180322.0         481.2
60284.901500913        8313161352.0        1002.0
60285.101500923        8309851633.0         534.9
60285.301500934        8306551783.0        1045.4
60285.401500939        8304905515.0        1402.0
60285.701500831        8299982430.0         625.5
60286.001500846        8295081782.0         641.8
60286.201500857        8291827748.0         693.1
60286.301500862        8290204123.0         484.8
60286.401500868        8288582988.0         588.5
60286.501500873        8286964550.0         468.1
60286.601500878        8285348680.0        1150.0
60287.701500936        8267741144.0         508.3
60350.501500876        7821396954.0        1071.1
60350.601500880        7821613763.0        1094.5
60350.701500883        7821833569.0        1453.3
60350.801500886        7822056819.0         675.0
60352.401500940        7826032893.0         671.6
60352.901500832        7827433020.0         469.7
60353.501500852        7829212420.0         475.9
60353.801500862        7830142527.0         658.0
60353.901500866        7830458456.0        1216.6
60354.001500869        7830777651.0         476.7
60354.101500872        7831099520.0         963.8
60354.201500876        7831424238.0        1488.1
60354.301500879        7831752639.0        1208.7
60354.401500882        7832083765.0        1222.6
60354.501500886        7832417708.0         872.1
60354.701500892        7833094440.0        1503.8
60354.801500896        7833437593.0         678.2
60354.901500899        7833783411.0        1415.5
60355.101500906        7834484577.0        1233.2
60355.301500912        7835197700.0        1196.3
60355.401500915        7835558533.0         872.7
60355.601500922        7836289282.0         614.0
60355.701500925        7836659331.0        1216.1
60355.901500932        7837408152.0        1210.8
60356.001500935        7837787200.0         946.8
60356.101500939        7838168883.0         541.1
60356.301500946        7838941561.0        1260.4
60356.601500831        7840123351.0         571.2
60356.901500840        7841331423.0        1044.2
60357.001500844        7841740272.0         381.0
60357.301500854        7842984286.0        1282.7
60357.401500857        7843404941.0        1122.8
60357.601500864        7844255412.0         643.4
60357.701500867        7844684788.0        1407.5
60357.901500873        7845553229.0         699.5
60358.001500877        7845991638.0        1236.3
60358.101500880        7846433410.0        1105.6
60358.201500883        7846877706.0        1269.9
60358.301500886        7847325338.0         802.5
60358.401500890        7847775807.0        1314.1
60358.501500893        7848229096.0        1356.7
60359.101500913        7851012410.0        1117.1
60359.701500933        7853902869.0         579.6
60359.801500936        7854394906.0        1332.9
60359.901500939        7854890000.0         618.0
60360.101500946        7855888681.0        1426.1
60360.201500949        7856392726.0        1382.2
60360.301500952        7856899792.0        1300.0
60360.401500831        7857409767.0        1002.5
60360.501500834        7857922625.0        1214.1
60360.601500837        7858438345.0        1433.6
60360.701500840        7858957360.0        1041.0
60360.801500844        7859478942.0        1381.6
60360.901500847        7860003759.0        1242.7
60361.201500857        7861595879.0         884.5
60361.301500860        7862132530.0           0.0
60361.501500866        7863214943.0         464.7
60362.601500902        7869377031.0        1078.6
60362.701500905        7869954914.0        1085.5
60362.801500908        7870535901.0         808.8
60362.901500911        7871119658.0         713.2
60363.001500914        7871706443.0         660.2
60363.101500918        7872296364.0        1164.4
60363.201500921        7872888762.0        1270.9
60363.301500924        7873484731.0        1043.3
60363.401500928        7874083265.0        1316.2
60363.901500943        7877120590.0         427.5
60364.001500946        7877736832.0         381.4
60364.101500950        7878355918.0         400.7
60372.001500941        7936505907.0        1331.1
60372.101500944        7937357924.0         432.9
60372.401500828        7939931351.0         800.3
60373.501500860        7949588179.0         982.4
60373.601500863        7950483014.0        1500.1
60373.801500869        7952281727.0        1408.0
60374.001500875        7954091959.0        1420.5
60374.201500880        7955913443.0        1406.7
60374.301500883        7956828524.0        1416.7
60374.501500889        7958667447.0        1168.2
60374.701500895        7960517441.0        1407.2
60374.901500901        7962378996.0        1432.5
60375.101500907        7964251961.0         779.9
60375.301500913        7966136098.0        1492.3
60375.501500919        7968031783.0        1308.0
60375.701500924        7969938914.0        1053.1
60375.901500930        7971857404.0        1084.9
60376.101500935        7973786978.0         852.1
60376.301500941        7975727974.0        1197.4
60376.501500822        7977680680.0         508.9
60376.701500952        7979644204.0         682.7
60377.001500836        7982611244.0         474.7
60377.901500861        7991663856.0        1407.0
60378.101500867        7993706847.0        1241.2
60378.201500870        7994732428.0        1135.6
60378.301500873        7995760650.0        1344.6
60378.401500876        7996791869.0        1313.6
60378.501500878        7997825919.0        1360.5
60378.701500884        7999902611.0         970.8
60378.801500887        8000944870.0        1381.1
60378.901500890        8001990311.0        1039.5
60379.001500892        8003038273.0        1159.8
60379.101500895        8004089537.0         387.6
60379.201500898        8005142789.0         545.4
60379.301500901        8006199447.0        1278.9
60379.401500904        8007258733.0        1060.7
60379.501500906        8008320923.0         505.2
60379.601500909        8009385621.0         814.2
60379.901500918        8012597074.0         626.9
60380.101500923        8014752080.0         783.5
60380.401500932        8018005430.0        1156.8
60380.601500937        8020188140.0        1273.0
60380.801500943        8022381988.0        1325.4
60380.901500946        8023483341.0         899.8
60381.101500952        8025693506.0        1511.2
60381.201500954        8026803381.0         677.0
60381.301500832        8027915786.0         848.2
60381.701500843        8032392570.0        1090.0
60382.501500865        8041479379.0         568.7
60382.701500870        8043778532.0        1337.9
60385.801500829        8080693899.0         404.6
60397.101500871        8233116694.0         442.4
60397.701500886        8246980497.0         470.1
60397.801500888        8248533654.0         559.9
60397.901500891        8250088948.0        1300.6
60398.001500893        8251647119.0        1260.0
60398.401500903        8257905634.0         595.0
60399.501500930        8275326290.0        1498.3
60399.601500932        8276925332.0        1250.7
60399.701500935        8278526919.0        1254.5
60399.801500937        8280131175.0        1106.9
60399.901500940        8281737541.0        1198.0
60400.001500942        8283346569.0        1190.3
60400.101500945        8284958058.0         898.1
60400.201500947        8286572054.0        1352.0
60400.301500950        8288188682.0        1276.1
60400.401500952        8289807723.0        1424.8
60400.501500955        8291429697.0        1237.7
60400.601500832        8293053806.0         961.1
60400.701500835        8294680484.0        1141.2
60400.801500837        8296309640.0        1296.1
60400.901500840        8297941366.0        1234.2
60401.001500842        8299575572.0        1151.0
60401.101500844        8301211858.0        2024.7
60401.301500849        8304493245.0        1206.0
60401.401500852        8306137647.0         764.1
60401.601500856        8309433549.0         628.5
60402.001500866        8316055497.0        1086.1
60402.101500868        8317717178.0        1439.1
60402.201500871        8319382089.0         421.1
60402.301500873        8321048255.0         660.5
60402.401500876        8322717916.0         636.2
60402.501500878        8324389174.0         654.2
60402.601500880        8326063299.0        1338.9
60402.701500883        8327739886.0        1235.1
60402.801500885        8329419148.0        1378.4
60402.901500888        8331100863.0        1319.6
60403.001500890        8332785049.0         972.4
60403.101500892        8334471575.0         759.5
60403.201500895        8336160573.0        1352.1
60403.401500899        8339546235.0        1060.6
60403.701500907        8344643320.0        1159.3
60404.501500926        8358343551.0         376.0
60405.301500945        8372200829.0        1294.1
60405.401500948        8373943995.0         694.9
60405.701500830        8379188154.0        1102.1
60405.801500832        8380940932.0        1332.5
60405.901500834        8382696359.0        1384.9
60406.001500837        8384454303.0        1343.2
60406.101500839        8386214619.0        1181.7
60406.201500842        8387977300.0         592.2
60406.301500844        8389742408.0         651.8
60407.001500860        8402166474.0           0.0
60408.501500895        8429186417.0         857.8
60408.601500897        8431006880.0        1182.8
60408.701500900        8432829931.0         735.0
60408.801500902        8434655254.0        1253.3
60408.901500904        8436482794.0        1270.0
60409.001500906        8438313001.0        1061.7
60409.101500909        8440145483.0        1248.6
60409.201500911        8441980308.0        1316.5
60409.301500913        8443817510.0        1317.2
60409.401500916        8445657106.0        1396.1
60409.501500918        8447499500.0         798.7
60409.701500923        8451190462.0         604.2
60409.901500927        8454891135.0         447.8
60410.301500936        8462322164.0           0.0
60410.501500941        8466049911.0         427.5
60411.301500834        8481060401.0        1550.8
60411.401500836        8482947483.0        1365.7
60411.501500838        8484836773.0        1321.7
60411.601500840        8486728699.0        1149.3
60411.701500843        8488622359.0        1267.2
60411.801500845        8490518563.0        1540.5
60411.901500847        8492417146.0        1549.5
60412.001500849        8494318115.0        1432.6
60412.101500852        8496221611.0        1051.2
60412.201500854        8498127106.0        1558.5
60412.501500861        8503858471.0         420.6
60414.001500894        8532827305.0         539.0
60414.101500896        8534776646.0        1284.9
60420.201500899        8658006557.0         709.2
60420.601500908        8666378125.0        1139.2
60420.801500912        8670576523.0        1633.6
60420.901500914        8672679444.0        1239.2
60421.001500916        8674784416.0        1431.9
60421.101500918        8676891470.0        1517.7
60421.201500920        8679000736.0        1595.0
60421.301500922        8681112350.0        1310.7
60421.401500924        8683226166.0         856.0
60421.501500926        8685341880.0        1240.4
60421.601500928        8687460515.0         675.2
60421.801500932        8691702798.0         961.8
60421.901500934        8693827361.0         931.6
60422.101500938        8698083407.0         472.0
60422.201500940        8700214342.0         451.9
60422.301500942        8702347566.0        1032.1
60422.401500944        8704482869.0        1159.5
60422.601500948        8708760259.0        1314.5
60422.801500827        8713046368.0         665.6
60422.901500830        8715192958.0        1046.6
60423.701500846        8732440652.0        1497.1
60423.901500850        8736775554.0         546.2
60424.001500852        8738944034.0        1491.2
60424.101500854        8741116163.0        1480.5
60424.201500856        8743290816.0        1080.0
60424.301500858        8745467028.0        1292.1
60424.401500860        8747645453.0        1489.5
60424.501500862        8749826668.0        1041.5
60424.601500864        8752009186.0         588.7
60424.801500868        8756381045.0        1305.0
60424.901500870        8758570130.0        1440.9
60425.001500872        8760761519.0        1469.0
60425.101500874        8762954886.0          64.7
60425.201500876        8765150794.0        1448.1
60425.401500880        8769548307.0        1490.1
60425.501500882        8771750254.0        1456.1
60425.601500884        8773954693.0         623.3
60425.701500886        8776160430.0        1315.3
60425.801500888        8778368676.0        1490.2
60425.901500889        8780579294.0        1341.7
60426.001500892        8782791885.0        1350.4
60426.101500894        8785006601.0         407.9
60426.201500895        8787223205.0        1385.7
60426.301500897        8789442140.0        1400.5
60426.401500899        8791662966.0        1515.7
60426.601500903        8796111215.0        1435.5
60426.801500907        8800567716.0        1485.4
60426.901500909        8802799212.0        1649.1
60427.001500911        8805032946.0        1315.0
60427.201500915        8809506519.0        1373.4
60427.301500917        8811746327.0         847.5
60427.401500919        8813988353.0        1168.9
60427.501500921        8816232445.0         717.5
60427.701500925        8820727076.0         469.8
60427.801500927        8822977127.0         965.1
60427.901500929        8825229556.0        1193.4
60428.001500931        8827483518.0        1663.2
60428.201500934        8831998794.0        1271.0
60428.301500936        8834259481.0        1070.0
60428.401500938        8836522120.0        1378.1
60428.601500942        8841053870.0        1276.2
60428.701500944        8843322538.0          58.9
60428.801500946        8845594094.0        1254.8
60428.901500948        8847867250.0        1333.5
60429.001500950        8850142194.0        1174.5
60429.101500952        8852419662.0        1145.5
60429.201500954        8854698522.0        1873.5
60429.301500830        8856980040.0        1361.8
60429.401500832        8859263520.0        1268.5
60429.501500834        8861549166.0         767.3
60429.601500836        8863836630.0        1351.3
60429.801500840        8868417756.0         536.6
60429.901500842        8870711249.0        1374.2
60430.001500844        8873006767.0        1500.8
60430.101500846        8875304609.0        1364.4
60430.201500848        8877604193.0        1813.5
60430.301500849        8879906080.0        1525.0
60430.401500851        8882210172.0        1335.1
60430.501500853        8884516085.0         973.4
60430.601500855        8886823835.0        1447.9
60430.701500857        8888575100.0         415.4
60430.801500859        8891445976.0        1189.3
60430.901500861        8893759887.0        1435.8
60431.001500863        8896076242.0         633.3
60431.101500865        8898394267.0        1358.0
60431.201500867        8900714547.0        1218.8
60431.301500868        8903036684.0        1170.8
60431.401500870        8905360615.0        1401.0
60431.501500872        8907687079.0        1220.3
60431.601500874        8910015155.0        1378.3
60431.701500876        8912345347.0        1561.5
60431.801500878        8914677470.0        1613.5
60431.901500880        8917011815.0        1522.1
60432.001500882        8919348486.0        1333.5
60432.101500884        8921686635.0        1426.5
60432.201500886        8924027243.0         520.2
60432.301500887        8926369209.0        1725.2
60432.401500889        8928713685.0        1302.7
60432.501500891        8931060172.0        1103.7
60432.601500893        8933408393.0        1303.9
60432.701500895        8935758833.0        1219.5
60432.801500897        8938111280.0        1356.0
60433.001500900        8942822150.0        1429.8
60433.101500902        8945180681.0        1124.8
60433.201500904        8947540535.0        1315.5
60433.301500906        8949903166.0        1043.9
60433.401500907        8952267381.0        1233.4
60433.501500909        8954633865.0         944.8
60433.601500911        8957001953.0        1379.6
60433.701500913        8959372294.0        1400.2
60433.801500915        8961744465.0        1505.8
60433.901500917        8964118794.0        1426.6
60434.001500918        8966495193.0        1332.4
60434.101500920        8968873399.0        1379.4
60434.201500922        8971253655.0        1303.5
60434.401500926        8976020054.0        1389.7
60434.501500928        8978406114.0        1492.4
60434.601500930        8980794365.0        1400.3
60434.701500932        8983184890.0         867.4
60434.801500933        8985576479.0        1463.6
60434.901500935        8987970307.0        1976.1
60435.001500937        8990366602.0        1316.9
60435.101500939        8992764413.0        1314.3
60435.301500943        8997566595.0         882.5
60435.501500946        9002376208.0        1322.0
60435.601500948        9004784398.0         576.5
60435.701500950        9007194070.0         549.3
60435.901500954        9012019158.0        1115.6
60436.001500956        9014435411.0         504.0
60436.301500961        9021693408.0         420.6
60436.701500843        9031398213.0        1258.4
60436.801500845        9033829232.0         709.9
60436.901500847        9036262524.0         872.8
60437.101500851        9041134512.0         707.4
60437.201500853        9043573171.0        1042.5
60437.301500854        9046013955.0        1303.0
60437.401500856        9048456537.0        1426.3
60437.501500858        9050900982.0          58.4
60437.601500860        9053347642.0        1504.8
60437.701500862        9055796868.0        1023.2
60437.801500863        9058246805.0        1359.1
60437.901500865        9060699129.0        1296.2
60438.001500867        9063153388.0        1394.1
60438.101500869        9065609324.0        1757.2
60438.301500873        9070527578.0        1236.5
60438.401500875        9072989568.0        1383.4
60438.601500878        9077919061.0        1236.9
60438.901500884        9085328168.0        1275.0
60439.101500888        9090276867.0         589.8
60439.701500898        9105168146.0         681.9
60440.001500903        9112639275.0         535.1
60440.801500917        9132645197.0        1371.8
60441.001500921        9137665601.0        1121.5
60441.101500923        9140178354.0        1504.5
60441.201500925        9142693392.0        1363.0
60441.301500926        9145209763.0        1487.3
60441.501500930        9150248930.0        1289.9
60441.701500933        9155295171.0        1490.6
60441.901500937        9160349354.0        1276.7
60444.501500857        9226720039.0         817.7
60444.701500860        9231876407.0         686.8
60445.001500866        9233882558.0         385.5
60445.301500871        9247389926.0         625.0
60445.401500872        9249981387.0        1713.1
60445.501500874        9252575243.0        1215.4
60445.701500877        9257768013.0        1310.3
60445.801500879        9260367181.0         780.2
60446.001500883        9265570703.0         432.5
60446.601500893        9281224200.0         459.9
60446.901500898        9289075046.0         444.3
60447.201500903        9296941824.0         421.4
60448.001500916        9317997250.0        1295.5
60448.201500920        9323278945.0         744.2
60448.301500921        9325922444.0         911.4
60448.501500924        9331214291.0        1538.0
60448.601500926        9333863207.0        1296.6
60448.701500928        9336513837.0         841.2
60448.801500929        9339165918.0         956.1
60448.901500931        9341819866.0         841.0
60449.001500933        9344475416.0        1341.7
60449.101500934        9347133025.0        1226.0
60449.201500936        9349791999.0        1456.8
60449.301500937        9352453107.0        1464.9
60449.401500939        9355115959.0         901.7
60449.801500946        9365783958.0        1095.5
60450.001500949        9371128529.0         520.0
60451.001500840        9397954163.0        1234.2
60451.101500842        9400646163.0         666.6
60458.401500952        9601695315.0         631.5
60458.601500955        9607326557.0        1018.8
60458.801500833        9612964336.0         417.7
