1306701
2018-01-07

-0.9
71.3
767.9
55528.501500876        9298008269.0         338.4
55530.201500852        9221292450.0        1103.1
55530.301500828        9216782548.0        1112.3
55531.601500897        9158208299.0         402.5
55532.101500904        9135662307.0         677.0
55532.701500888        9108459073.0         363.7
55533.001500817        9095142846.0         824.0
55533.101500918        9090642442.0         915.9
55533.301500871        9081642128.0         490.6
55533.401500848        9077142872.0         471.2
55533.501500824        9072643632.0         470.7
55533.801500878        9059148334.0         760.5
55533.901500855        9054650437.0        1031.7
55534.101500933        9045656236.0         453.8
55534.201500909        9041159733.0         531.9
55534.301500885        9036621803.0         393.5
55534.401500862        9032166759.0        1051.5
55534.601500815        9022992893.0         400.4
55534.801500892        9014186102.0        1195.3
55534.901500869        9009691485.0        1538.1
55535.101500822        9000703790.0           0.0
55535.301500900        8991717881.0         659.7
55535.401500876        8987225273.0         601.5
55535.601500829        8978241292.0         503.9
55535.801500906        8969258789.0        1196.2
55535.901500883        8964767879.0        1162.9
55536.001500859        8959685472.0         109.0
55536.501500866        8937830584.0         983.5
55536.601500843        8932783055.0         177.5
55536.701500819        8928854405.0         283.5
55537.201500826        8906420965.0         249.1
55537.501500880        8892964290.0         967.0
55538.201500840        8861579400.0         690.6
55538.501500894        8848134477.0         700.8
55538.801500823        8834692528.0         395.0
55538.901500925        8830212516.0         620.7
55539.201500854        8816775626.0         640.3
55540.301500843        8767533026.0         472.4
55540.501500921        8758585750.0         732.3
55541.301500857        8722809332.0         393.3
55542.201500894        8682590219.0         440.4
55543.701500914        8615629656.0         485.7
55543.901500867        8606710346.0         411.0
55544.101500820        8597788622.0         415.0
55545.101500832        8553337140.0         361.6
55545.901500892        8517586639.0         386.3
55546.101500845        8508683491.0         592.3
55546.701500827        8481984634.0         407.1
55546.801500928        8477536624.0         437.5
55547.101500857        8464194189.0         934.8
55547.301500934        8455301021.0         407.4
55547.401500911        8450855264.0         425.9
55547.501500887        8446410043.0        1342.8
55547.701500839        8437520615.0         585.7
55547.901500917        8428632904.0         448.2
55548.001500893        8424190262.0         465.4
55548.101500869        8419183619.0         396.5
55548.301500821        8410862854.0        1328.9
55548.401500923        8406421556.0        1423.0
55548.501500899        8401980748.0        1008.8
55548.701500851        8393099894.0        1260.3
55548.801500828        8388660541.0         631.9
55548.901500929        8384221257.0         571.5
55549.001500905        8379782502.0         729.0
55549.101500881        8375343944.0         438.9
55549.401500935        8362031960.0         884.5
55549.501500911        8357596689.0         537.4
55549.601500887        8353158917.0        1345.3
55549.801500839        8343477165.0         376.2
55549.901500816        8339854868.0         508.8
55550.001500917        8335419129.0        1157.3
55550.101500893        8330985423.0         927.8
55550.201500869        8326551692.0        1588.8
55550.401500821        8317686733.0         597.9
55550.501500923        8313254305.0         541.4
55550.601500899        8308822970.0         657.9
55550.701500875        8304391746.0        1158.5
55550.901500827        8295530891.0        1035.5
55551.001500928        8291101336.0         906.0
55551.301500857        8277814514.0        1008.3
55551.401500833        8273388404.0         520.9
55551.501500934        8268959505.0        1093.2
55551.601500910        8264532029.0        1190.4
55551.701500886        8260105698.0        1139.0
55551.801500862        8255679481.0        1162.4
55552.001500815        8246828821.0        1320.1
55552.101500916        8242404214.0         528.0
55552.401500844        8229132966.0         735.3
55552.501500820        8224710283.0        1337.5
55553.101500927        8198183357.0        1058.3
55553.201500903        8193763992.0         733.0
55553.401500855        8184926386.0         828.9
55553.601500932        8176090767.0         747.7
55553.801500884        8167257088.0         649.0
55554.101500937        8154010498.0         722.7
55554.201500913        8149593352.0         564.4
55554.401500865        8140767594.0         587.2
55554.601500817        8131941654.0        1026.5
55554.701500918        8127530444.0         417.1
55554.801500894        8123117606.0         953.9
55554.901500871        8118706147.0         447.9
55555.001500846        8114272706.0        1119.5
55555.101500822        8109885224.0         580.3
55555.301500899        8101066218.0         908.3
55555.501500851        8092249404.0         394.3
55555.701500928        8083434301.0         385.3
55556.001500856        8070215296.0        1390.7
55556.101500832        8065810129.0         462.4
55556.201500933        8061405249.0         421.9
55556.401500885        8052596836.0         632.4
55556.501500861        8048193529.0        1036.9
55556.701500938        8039388293.0         610.6
55556.901500890        8030585518.0         602.2
55557.001500866        8026184447.0         788.0
55557.201500818        8017384706.0          91.2
55557.301500918        8012985266.0         898.8
55557.401500894        8008586706.0         893.9
55557.501500870        8004188379.0        1074.8
55557.801500923        7990996970.0         881.5
55558.001500875        7982127918.0         404.3
55558.301500927        7969021349.0        1122.0
55558.501500879        7960234416.0         416.2
55558.601500855        7955841994.0        1019.2
55558.701500831        7951449952.0        1047.3
55558.901500907        7942667615.0        1009.1
55559.101500859        7933885512.0         434.1
55559.201500835        7929498211.0        1052.8
55559.401500911        7920720724.0        1396.5
55559.501500887        7916333307.0        1101.2
55559.701500839        7907559079.0         854.4
55560.001500891        7894402433.0         500.6
55560.401500919        7876867008.0         738.8
55560.801500822        7859338031.0        1132.3
55561.001500899        7850580847.0         263.8
55561.401500927        7833067391.0         605.4
55561.801500830        7815563777.0         388.1
55562.101500882        7802440696.0         665.2
55562.201500858        7798067333.0         891.9
55562.301500834        7793694897.0         673.5
55562.401500934        7789323123.0         992.3
55562.601500885        7780580695.0         662.5
55562.701500861        7776210445.0        1333.4
55562.801500837        7771840553.0        1300.4
55563.001500913        7763103174.0        1263.6
55563.101500889        7758735205.0        1306.3
55563.201500864        7754367637.0         716.8
55563.401500816        7745634539.0         647.9
55563.501500916        7741268466.0         372.7
55563.701500867        7732539047.0        1186.6
55563.801500843        7728175117.0        1120.8
55563.901500818        7723811594.0         509.7
55564.001500919        7719448539.0        1384.9
55564.301500846        7706363637.0         877.7
55564.401500821        7702002905.0         829.2
55564.601500897        7693283522.0         758.9
55564.701500873        7688924637.0         684.6
55564.901500824        7680208960.0         679.2
55565.001500925        7675851773.0         446.9
55565.301500851        7662784138.0        1507.7
55565.401500827        7658429357.0        1245.3
55565.501500927        7654075551.0         804.2
55565.601500903        7649721830.0        1332.8
55566.001500930        7632313844.0         930.9
55566.101500906        7627963259.0         672.7
55566.301500857        7619263878.0        1355.4
55566.401500832        7614915182.0        1437.0
55566.601500908        7606219623.0         785.5
55566.801500859        7597526513.0         474.2
55566.901500834        7593180725.0        1038.4
55567.001500935        7588835760.0         650.4
55567.101500910        7584491093.0         854.4
55567.301500861        7575803740.0         905.1
55567.601500913        7562777867.0         489.3
55567.701500888        7558436896.0         812.0
55568.001500815        7545418058.0         768.0
55568.101500915        7541079613.0         995.4
55568.401500841        7528068436.0         831.7
55568.501500817        7523732641.0         552.1
55568.601500917        7519397213.0         573.0
55568.801500868        7510728550.0         843.7
55568.901500843        7506395242.0         995.6
55569.201500894        7493398671.0         620.5
55569.301500870        7489068109.0        1123.9
55569.401500845        7484738140.0         629.1
55569.601500921        7476079605.0         816.7
55569.701500896        7471751030.0         956.6
55570.001500822        7458769978.0        1540.1
55570.101500923        7454444260.0         836.7
55570.301500873        7445794684.0         387.9
55570.401500849        7441471007.0         780.1
55570.501500824        7437148009.0        1024.7
55570.601500924        7432825410.0         553.9
55570.801500875        7424182655.0         879.7
55570.901500851        7419861577.0        1561.1
55571.001500826        7415541866.0         460.7
55571.201500901        7406904301.0         959.0
55571.301500877        7402586262.0         759.3
55571.401500852        7398269123.0         717.2
55571.701500903        7385321680.0         491.0
55571.801500878        7381006309.0        1241.5
55571.901500854        7376692532.0        1389.3
55572.001500829        7372379318.0         488.4
55572.201500905        7363754540.0         999.9
55572.301500880        7359443236.0        1158.0
55572.401500855        7355132660.0        1190.3
55572.701500906        7342204879.0         254.5
55572.801500881        7337896782.0        1506.6
55573.101500932        7324977664.0         628.0
55573.201500907        7320671956.0         674.7
55573.301500882        7316367437.0        1184.3
55573.401500857        7312063751.0         627.9
55573.501500833        7307760499.0         563.3
55573.801500883        7294855179.0         871.6
55574.201500909        7277413418.0         386.5
55574.301500884        7273359964.0         670.2
55574.401500859        7269062728.0        1066.1
55574.501500834        7264766706.0         738.9
55574.701500909        7256176297.0         527.8
55574.801500885        7251882130.0         441.0
55575.001500835        7243295982.0         674.9
55575.601500811        7217554169.0         636.8
55575.701500911        7213266680.0         973.3
55576.001500836        7200407623.0         705.7
55576.101500936        7196122582.0         586.5
55576.201500911        7191838285.0        1229.4
55576.301500886        7187554872.0         955.0
55576.701500912        7170429444.0         509.4
55576.801500887        7166148180.0        1186.3
55576.901500862        7161868977.0        1334.2
55577.101500812        7153312937.0         632.5
55577.301500887        7144759785.0         405.6
55577.501500837        7136209721.0         726.2
55577.601500812        7131935495.0         953.5
55577.701500912        7127662440.0        1078.6
55577.901500862        7119118187.0         947.6
55578.101500812        7110576560.0         422.0
55578.201500912        7106307050.0         616.3
55578.301500887        7102038250.0        1265.5
55578.401500862        7097770078.0         616.2
55578.501500837        7093502925.0        1158.0
55578.601500937        7089236648.0         958.6
55579.101500936        7067915208.0         433.3
55579.201500911        7063653128.0        1089.5
55579.301500886        7059391850.0         839.1
55579.401500861        7055131727.0         644.1
55579.601500936        7046612680.0        1189.9
55580.401500861        7012568760.0        1345.0
55580.601500935        7004065734.0        1035.0
55580.801500885        6995565562.0         807.8
55581.001500835        6987069071.0         396.0
55581.401500860        6970085571.0         397.3
55581.601500934        6961597161.0         612.6
55581.701500909        6957354337.0         656.0
55581.801500884        6953112549.0        1388.0
55581.901500859        6948871920.0         504.4
55582.001500834        6944631569.0        1362.8
55582.101500934        6940392271.0         861.3
55582.201500909        6936153797.0         820.6
55582.301500884        6931916195.0         548.5
55582.401500858        6927679528.0         641.6
55582.501500833        6923443095.0         806.9
55582.601500933        6919207867.0        1162.4
55582.801500883        6910739902.0         741.2
55582.901500858        6906506914.0        1222.2
55583.101500932        6898043685.0         755.2
55583.301500882        6889583973.0         997.2
55585.201500903        6809518095.0         402.3
55585.601500927        6792534804.0         400.2
55585.801500876        6784116734.0         576.3
55585.901500851        6779909212.0         658.7
55586.001500826        6775702432.0         859.9
55586.101500926        6771497101.0         400.4
55586.201500900        6767291659.0         499.6
55586.301500875        6763087462.0         896.0
55586.401500850        6758884488.0         864.9
55586.701500899        6746279631.0         421.5
55586.801500874        6742079962.0         423.4
55586.901500849        6737881130.0         401.1
55587.001500823        6733683187.0        1066.5
55587.201500898        6725289559.0         604.1
55587.401500847        6716900034.0         435.0
55587.601500921        6708513617.0         770.2
55587.801500871        6700130751.0         792.1
55588.001500820        6691751793.0         713.7
55588.101500920        6687563756.0         786.3
55588.201500895        6683376252.0         582.3
55588.301500869        6679190027.0        1227.9
55588.401500844        6675004558.0         791.2
55588.501500819        6670819972.0        1120.6
55588.601500918        6666636612.0         411.8
55588.701500893        6662452622.0        1242.9
55588.801500868        6658271900.0        1081.0
55589.101500917        6645731941.0         353.3
55589.201500891        6641553501.0         482.0
55589.301500866        6637376249.0         692.1
55589.401500841        6633199948.0        1399.3
55589.501500816        6629024782.0         799.4
55589.701500890        6620676993.0         767.4
55589.901500839        6612332486.0         523.4
55590.001500814        6608161891.0         895.2
55590.101500913        6603992011.0        1009.6
55590.201500888        6599823014.0         415.5
55590.301500862        6595655185.0         805.8
55590.401500837        6591488149.0        1110.2
55590.501500812        6587322213.0        1094.6
55590.601500911        6583157056.0        1310.3
55590.901500835        6570667502.0         401.2
55591.201500884        6558186771.0         854.0
55591.301500858        6554028576.0         961.3
55591.801500856        6533250705.0         926.5
55591.901500831        6529098151.0         593.8
55592.001500930        6524946901.0         705.5
55593.301500850        6471064795.0         542.7
55593.501500924        6462790364.0         995.5
55593.601500899        6458654165.0         549.7
55593.701500874        6454519651.0         668.9
55593.901500823        6446253442.0         595.2
55594.001500922        6442121326.0         756.2
55594.101500897        6437990503.0        1276.0
55594.301500846        6429731970.0        1388.2
55594.501500920        6421477554.0         721.9
55594.601500894        6417352055.0        1352.5
55594.701500869        6413227433.0         842.4
55594.801500843        6409103707.0         672.3
55595.001500917        6400859594.0        1204.8
55595.101500892        6396739021.0         598.9
55595.201500866        6392619516.0        1436.1
55595.301500841        6388501340.0        1170.4
55595.501500915        6380267525.0         595.6
55595.601500889        6376152253.0         846.3
55595.701500863        6372038085.0         530.5
55595.901500812        6363812341.0        1452.6
55596.201500860        6351482349.0        1107.2
55596.401500934        6343267547.0         923.2
55596.501500908        6339161761.0         755.2
55596.601500883        6335057122.0        1014.3
55596.701500857        6330953100.0        1353.5
55596.801500831        6326850870.0        1025.9
55596.901500930        6322749222.0        1310.5
55597.001500905        6318648703.0         555.9
55597.101500879        6314549241.0        1198.1
55597.201500853        6310451017.0        1367.9
55597.401500927        6302257862.0         509.6
55597.501500901        6298162960.0         543.9
55597.601500876        6294068801.0        1040.0
55597.901500924        6281793122.0         235.8
55598.101500872        6273615022.0        1321.2
55598.201500847        6269527678.0         549.7
55598.301500821        6265441581.0         627.3
55598.401500920        6261356196.0        1054.7
55598.501500895        6257272313.0         586.3
55598.801500818        6245026242.0        1487.4
55599.101500865        6232791119.0         416.6
55599.201500840        6228714590.0        1079.7
55599.501500888        6216312624.0         376.8
55599.701500837        6208349740.0        1670.1
55599.801500936        6204280652.0        1068.6
55599.901500910        6200212141.0         408.5
55600.001500884        6196144656.0        1473.6
55600.201500833        6188013788.0         517.8
55600.301500932        6183950105.0        1366.5
55600.401500906        6179887817.0         376.2
55600.601500855        6171766893.0         241.7
55601.001500877        6155535624.0        1045.5
55601.101500851        6151480987.0        1516.0
55601.201500825        6147427985.0         482.6
55601.301500925        6143375670.0        1061.3
55601.401500899        6139324502.0        1173.4
55601.501500873        6135275537.0         448.1
55601.601500847        6131226147.0        1055.7
55601.701500821        6127178884.0         512.5
55601.801500921        6123132195.0        1251.1
55602.001500869        6115043427.0         445.3
55602.101500843        6111000271.0        1589.4
55602.201500817        6106958869.0        1326.4
55602.301500916        6102918562.0         980.8
55602.401500891        6098879371.0         558.3
55602.601500839        6090635681.0         394.9
55602.701500813        6086769233.0        1306.6
55602.801500912        6082734638.0        1071.5
55603.101500835        6070638845.0         419.7
55603.201500934        6066609746.0         730.8
55603.301500908        6062581125.0        1375.1
55603.401500882        6058554254.0        1187.3
55603.501500856        6054528161.0        1357.5
55603.601500830        6050503857.0         433.1
55603.801500904        6042458237.0         407.2
55603.901500878        6038437004.0        1554.7
55604.101500826        6030398925.0        1418.6
55604.201500925        6026383392.0         523.8
55604.301500899        6022365916.0        1336.7
55604.501500847        6014338119.0        1248.5
55604.601500821        6010325661.0         569.4
55604.701500920        6006314532.0        1386.9
55604.801500895        6002304688.0        1585.4
55605.001500842        5994289408.0        1043.7
55605.101500817        5990283470.0        1318.3
55605.201500916        5986279001.0        1132.3
55605.401500864        5978273713.0         586.9
55605.501500838        5974272998.0         433.2
55605.601500812        5970273182.0         683.3
55605.701500911        5966274918.0         833.1
55605.801500886        5962277842.0         952.6
55605.901500860        5958281998.0        1493.0
55606.101500933        5950294637.0        1054.5
55606.201500907        5946309445.0         395.1
55606.501500829        5934334952.0        1273.6
55606.901500850        5918396431.0        1243.3
55607.001500824        5914415022.0        1383.3
55607.101500923        5910435076.0        1185.4
55607.201500897        5906456237.0         661.9
55607.601500919        5890554924.0        1134.6
55607.801500867        5882611695.0        1409.6
55607.901500841        5878642061.0        1541.7
55608.001500940        5874343066.0         386.4
55608.101500914        5870707338.0        1357.5
55608.201500888        5866742163.0        1209.6
55608.501500935        5854854272.0         573.0
55608.601500909        5850894352.0         920.4
55608.701500883        5846935371.0        1418.9
55608.801500857        5842978509.0         706.3
55608.901500830        5839022546.0        1201.3
55609.001500930        5835067982.0         759.6
55609.101500903        5831114453.0        1605.3
55609.201500877        5827162888.0        1506.1
55609.301500851        5823212711.0         996.5
55609.401500825        5819263409.0          83.9
55609.501500924        5815316072.0        1142.2
55609.601500898        5811369769.0        1323.5
55609.801500846        5803481564.0         583.2
55609.901500820        5799539420.0         577.8
55610.001500919        5795598584.0        1712.2
55610.101500893        5791659993.0        1301.3
55610.201500866        5787721839.0        1065.4
55610.301500840        5783785080.0        1899.6
55610.401500939        5779850489.0         830.9
55610.501500913        5775916718.0        1080.7
55610.601500887        5771984489.0        1362.3
55610.701500861        5768054055.0        1031.3
55610.901500934        5760196593.0        1480.4
55611.001500908        5756270051.0         475.5
55611.201500856        5748421977.0        1177.0
55611.301500829        5744499344.0        1110.6
55611.501500902        5736659083.0        1424.5
55611.601500876        5732741190.0        1270.2
55611.701500850        5728824910.0         999.3
55611.801500824        5724911090.0         444.8
55611.901500923        5720996501.0        1320.5
55612.001500897        5717084393.0        1131.3
55612.101500871        5713173976.0         904.8
55612.201500845        5709264439.0        1416.8
55612.301500944        5705357475.0         531.8
55612.401500918        5701451011.0         893.5
55612.501500892        5697546302.0         836.6
55612.601500866        5693643085.0         762.6
55612.701500839        5689741254.0        1028.9
55612.801500938        5685840898.0        1446.3
55612.901500912        5681942263.0         880.7
55613.001500886        5678044996.0         837.5
55613.101500860        5674148859.0        1569.5
55613.201500834        5670254780.0        1168.5
55613.301500933        5666362165.0        1161.4
55613.401500907        5662470598.0        1513.7
55613.501500881        5658581056.0         590.9
55613.601500854        5654693000.0        1027.8
55613.701500828        5650806036.0         815.1
55613.901500901        5643037099.0         743.2
55614.001500875        5639154866.0         888.7
55614.101500849        5635274096.0         665.4
55614.201500823        5631395127.0         613.6
55614.301500921        5627517453.0         233.0
55614.401500895        5623641425.0         698.0
55614.501500869        5619766521.0         938.8
55614.601500843        5615893611.0        1120.8
55614.701500817        5612021938.0         567.4
55615.001500863        5600416901.0        1201.7
55615.101500837        5596551714.0         951.1
55615.201500936        5592687769.0         767.5
55615.501500858        5581106271.0        1083.6
55615.601500832        5577248579.0         979.9
55615.701500930        5573392854.0        1231.9
55615.801500904        5569538375.0        1062.1
55615.901500878        5565686347.0         505.0
55616.001500852        5561834926.0         627.5
55616.101500825        5557985449.0         394.7
55616.301500898        5550290925.0         669.2
55616.401500872        5546446346.0         911.7
55616.501500846        5542603531.0         479.1
55616.601500820        5538761828.0         556.3
55616.701500919        5534921424.0        1131.8
55617.001500840        5523411718.0         447.0
55617.101500813        5519577990.0        1174.6
55617.201500912        5515746346.0         982.5
55617.301500886        5511916190.0        1147.1
55617.401500859        5508087571.0         949.5
55617.501500833        5504260395.0        1688.9
55617.601500932        5500435129.0        1141.2
55617.801500879        5492789913.0         861.8
55617.901500853        5488969552.0         464.1
55618.101500926        5481333648.0         625.5
55618.201500899        5477518590.0         944.6
55618.301500873        5473704509.0         446.1
55618.401500847        5469892395.0         435.0
55618.601500919        5462093398.0         387.9
55618.701500893        5458466466.0         382.8
55618.801500867        5454661342.0        1034.7
55619.101500913        5443255334.0        1087.6
55619.301500860        5435660223.0         309.2
55619.701500880        5420489744.0         803.8
55619.901500827        5412915097.0         408.5
55620.001500926        5409130285.0         514.2
55620.301500847        5397785793.0         741.9
55620.401500821        5394007922.0         700.7
55620.701500867        5382684596.0        1307.9
55620.801500840        5378913817.0         377.0
55620.901500814        5375144603.0        1326.1
55621.001500912        5371377055.0        1492.7
55621.101500886        5367611637.0        1451.1
55621.301500834        5360085717.0         508.8
55621.401500932        5356325236.0        1548.1
55621.501500905        5352567382.0        1137.8
55621.701500853        5345055418.0        1105.5
55621.801500826        5341302328.0        1261.5
55621.901500925        5337550791.0        1358.8
55622.001500899        5333801170.0          92.2
55622.101500872        5330053296.0        1757.4
55622.201500846        5326307605.0        1463.7
55622.301500819        5322563462.0        1617.6
55622.401500918        5318821274.0        1439.3
55622.501500892        5315080937.0         934.1
55622.601500865        5311342265.0        1304.8
55622.701500839        5307605346.0        1189.0
55622.801500812        5303870416.0        1259.5
55622.901500911        5300137132.0        1381.6
55623.001500884        5296405849.0        1533.7
55623.101500858        5292676747.0         562.6
55623.201500832        5288949112.0         540.1
55623.301500930        5285223193.0        1120.3
55623.401500903        5281499378.0         764.7
55623.501500877        5277777259.0        1128.9
55623.601500851        5274057041.0        1000.8
55623.801500923        5266622503.0         880.9
55623.901500896        5262907972.0         885.0
55624.001500870        5259195075.0        1344.4
55624.101500843        5255484038.0        1610.2
55624.201500817        5251775398.0        1331.0
55624.301500915        5248068446.0         476.5
55624.401500889        5244362859.0        1789.5
55624.501500862        5240659747.0        1755.8
55624.601500836        5236959293.0         686.9
55624.701500934        5233259515.0         871.1
55624.801500908        5229561724.0        1297.6
55624.901500881        5225866163.0        1427.5
55625.001500855        5222172454.0        1661.0
55625.101500828        5218481014.0         617.3
55625.201500927        5214790973.0        1398.5
55625.301500900        5211103204.0        1255.7
55625.401500874        5207417169.0        1458.0
55625.501500847        5203733395.0         565.7
55625.601500821        5200051349.0        1361.0
55625.701500920        5196371221.0        1026.4
55625.901500867        5188676489.0         379.6
55626.001500840        5185342443.0        1295.6
55626.101500813        5181670584.0         573.3
55626.201500912        5178000064.0        1267.8
55626.301500885        5174331672.0        1350.3
55626.401500859        5170665113.0        1604.5
55626.601500931        5163338864.0         757.2
55626.701500904        5159678266.0        1466.0
55626.801500878        5156020346.0         423.9
55626.901500851        5152363512.0          58.1
55627.001500825        5148709198.0        1418.3
55627.201500897        5141406354.0        1608.5
55627.301500870        5137758167.0        1844.1
55627.501500817        5130467831.0          92.9
55627.601500915        5126825526.0        1431.5
55627.701500889        5123185733.0         432.1
55627.801500862        5119547272.0        1164.7
55627.901500835        5115911232.0        1395.3
55628.001500934        5112277054.0         856.5
55628.101500907        5108645219.0         910.8
55628.301500854        5101387429.0         650.4
55628.501500926        5094137646.0         707.6
55628.601500900        5090516110.0         445.6
55628.701500873        5086896413.0         473.6
55628.801500846        5083279138.0         886.3
55629.001500918        5076050362.0         718.5
55629.201500865        5068829993.0         660.8
55629.401500812        5061618025.0         692.6
55629.501500910        5058015200.0         849.2
55629.601500883        5054414692.0         546.8
55629.901500928        5043625461.0         922.0
55630.101500875        5036443405.0         795.0
55630.501500893        5022104662.0         643.2
55630.601500867        5018525863.0         554.3
55630.701500840        5014948446.0        1266.6
55630.801500938        5011373624.0         578.0
55630.901500912        5007800852.0         640.7
55631.201500832        4997095979.0         860.9
55631.401500903        4989970632.0        1218.4
55631.601500850        4982853906.0        1182.5
55631.701500823        4979299068.0         607.1
55631.801500921        4975745883.0         991.0
55631.901500894        4972195051.0        1310.0
55632.001500867        4968647241.0         912.0
55632.101500841        4965100685.0        1532.9
55632.201500939        4961557043.0         885.0
55632.301500912        4958015224.0        1256.1
55632.401500885        4954476268.0        1086.4
55632.501500859        4950938871.0        1104.8
55632.601500832        4947403979.0        1420.4
55632.701500930        4943871281.0        1428.2
55632.801500903        4940341088.0         730.4
55632.901500876        4936812911.0        1376.4
55633.001500850        4933286794.0        1789.8
55633.101500823        4929763824.0        1254.3
55633.201500921        4926242887.0         645.3
55633.301500894        4922723878.0         883.4
55633.401500867        4919207632.0         506.1
55633.501500841        4915692486.0        2061.9
55633.601500814        4912180740.0        1543.8
55633.701500912        4908671402.0         747.9
55633.801500885        4905163723.0        1559.1
55633.901500858        4901658828.0        1702.3
55634.101500930        4894655926.0        1330.5
55634.201500903        4891157755.0        1508.4
55634.301500876        4887662615.0         905.2
55634.401500849        4884169226.0         545.5
55634.501500823        4880678141.0        1460.1
55634.701500894        4873703651.0        1065.1
55634.801500867        4870219621.0        1310.1
55634.901500840        4866738099.0        1418.2
55635.001500938        4863259086.0        1426.9
55635.101500912        4859782837.0         923.0
55635.201500885        4856308333.0        1250.2
55635.301500858        4852836403.0        1162.8
55635.401500831        4849366800.0        1369.1
55635.501500929        4845899785.0        1180.2
55635.601500902        4842435364.0        1009.2
55635.701500876        4838973008.0        1329.0
55635.901500822        4832055950.0         931.1
55636.001500920        4828600791.0        1473.9
55636.101500893        4825148508.0        1225.1
55636.301500839        4818250775.0        1408.3
55636.401500813        4814805746.0        1217.7
55636.501500911        4811363122.0        1428.5
55636.601500884        4807922892.0        1169.2
55636.901500928        4797617265.0        1293.1
55637.001500901        4794186700.0        1729.3
55637.101500874        4790758894.0        1474.0
55637.201500847        4787333766.0        1289.7
55637.301500821        4783911124.0        1241.7
55637.401500919        4780490509.0        1857.7
55637.501500892        4777073088.0        1126.2
55637.601500874        4773657765.0        1341.4
55637.901500909        4763427716.0         478.0
55638.001500882        4760022216.0        1337.2
55638.101500856        4756619716.0        1283.5
55638.201500829        4753219702.0        1311.6
55638.301500927        4749822348.0        1357.0
55638.401500900        4746427381.0        1462.8
55638.501500873        4743035065.0        1452.0
55638.601500846        4739645388.0        1501.8
55638.701500820        4736258436.0        1241.0
55638.801500917        4732873917.0         937.6
55638.901500891        4729491859.0         621.7
55639.001500863        4726112671.0        1378.4
55639.101500836        4722736217.0         405.5
55639.201500935        4719361741.0        1371.2
55639.301500908        4715990025.0          65.1
55639.401500881        4712621385.0         815.0
55639.501500854        4709255013.0        1281.2
55639.601500828        4705891244.0        1602.3
55639.701500925        4702530499.0        1246.0
55639.801500898        4699172012.0        1346.8
55639.901500871        4695816308.0        1337.4
55640.001500844        4692463203.0        1556.6
55640.101500817        4689113243.0         690.3
55640.201500915        4685765124.0        1378.9
55640.301500889        4682417383.0         567.7
55640.401500862        4678976061.0         102.7
55640.501500835        4675738855.0         422.5
55640.601500808        4672401730.0         399.7
55640.701500906        4669067135.0        1000.0
55640.801500879        4665735603.0        1362.8
55640.901500852        4662406557.0        1562.4
55641.001500825        4659080499.0         644.1
55641.101500923        4655757113.0         665.6
55641.201500896        4652436349.0         643.5
55641.301500869        4649118584.0        1023.7
55641.401500842        4645803234.0         758.9
55641.501500815        4642490616.0         737.3
55641.601500913        4639180806.0        1411.8
55641.701500886        4635874030.0        1189.4
55641.901500832        4629268387.0        1126.8
55642.001500930        4625969549.0         873.2
55642.101500903        4622673521.0        1458.0
55642.201500876        4619380223.0        1616.9
55642.301500849        4616089876.0        1575.1
55642.401500822        4612802818.0        1104.8
55642.501500920        4609517937.0         818.5
55642.601500892        4606235883.0        1362.4
55642.701500866        4602956611.0        1459.9
55642.801500838        4599680246.0        1470.7
55642.901500812        4596407370.0        1189.7
55643.101500882        4589868741.0         648.4
55643.201500855        4586603797.0        1252.0
55643.301500828        4583341532.0        1139.1
55643.401500926        4580082457.0         465.0
55643.501500899        4576825749.0          58.0
55643.601500872        4573572571.0        1101.3
55643.701500845        4570322217.0         548.5
55643.801500818        4567074040.0        1362.8
55643.901500916        4563829041.0        1763.6
55644.001500889        4560587233.0        1579.5
55644.101500862        4557348247.0         653.0
55644.201500834        4554111814.0        1926.0
55644.301500932        4550878829.0         801.9
55644.401500905        4547648647.0        1149.3
55644.501500878        4544420904.0          58.2
55644.601500851        4541196640.0        1285.7
55644.701500824        4537975282.0         780.8
55644.801500922        4534756404.0          65.1
55644.901500895        4531540914.0        1484.1
55645.001500867        4528328053.0        1582.9
55645.101500840        4525118523.0        1365.3
55645.201500813        4521912094.0         802.6
55645.301500911        4518707851.0        1757.7
55645.401500884        4515507305.0        1449.8
55645.501500857        4512309576.0        1426.4
55645.601500830        4509114741.0        1456.6
55645.701500927        4505922965.0        1451.7
55645.801500900        4502734254.0        1583.3
55645.901500873        4499548509.0        1238.3
55646.001500846        4496365763.0        1352.0
55646.101500819        4493186291.0        1390.0
55646.201500917        4490009278.0        1421.3
55646.301500890        4486835964.0        1384.8
55646.401500863        4483665264.0        1137.9
55646.501500836        4480497602.0        1495.2
55646.601500933        4477333160.0        1330.0
55646.701500906        4474171776.0        1473.0
55646.801500879        4471013368.0        1410.4
55646.901500852        4467858023.0        1501.8
55647.001500824        4464705711.0          58.2
55647.101500922        4461556837.0        1397.3
55647.201500895        4458411056.0        1333.1
55647.301500868        4455268260.0        1262.4
55647.401500841        4452128237.0        1706.8
55647.501500814        4448991782.0        1523.7
55647.601500911        4445858203.0        1398.0
55647.701500884        4442728159.0         511.9
55647.801500857        4439600472.0        1649.8
55647.901500830        4436476845.0        1438.9
55648.001500928        4433355462.0        1690.7
55648.101500900        4430238155.0        1204.4
55648.201500873        4427123072.0        1942.7
55648.301500846        4424011861.0        1503.5
55648.401500819        4420903777.0        1151.6
55648.501500917        4417798714.0        1277.9
55648.601500889        4414696599.0        1558.7
55648.701500862        4411598128.0        1414.5
55648.801500835        4408502796.0        1540.2
55648.901500933        4405410398.0        1335.0
55649.001500905        4402321717.0         827.6
55649.101500878        4399235527.0        1652.1
55649.201500851        4396152933.0        1246.5
55649.301500824        4393073826.0        1384.6
55649.401500921        4389997395.0        1833.2
55649.501500894        4386924483.0        2093.0
55649.601500867        4383855336.0         848.9
55649.701500840        4380788954.0        1402.4
55649.801500938        4377725739.0        1805.7
55649.901500910        4374666080.0        1581.7
55650.001500883        4371610102.0        1300.7
55650.101500856        4368556592.0        1630.6
55650.201500828        4365506707.0        1737.0
55650.301500926        4362460370.0        1541.6
55650.401500899        4359416950.0        1635.4
55650.501500871        4356377105.0        1469.3
55650.601500844        4353340504.0          57.4
55650.701500817        4350307265.0        1635.5
55650.801500914        4347277585.0          65.9
55650.901500887        4344251235.0        1238.4
55651.001500860        4341228033.0        1476.7
55651.101500832        4338208066.0          58.7
55651.201500930        4335191957.0        1038.1
55651.301500903        4332178731.0        1272.5
55651.401500875        4329169164.0        1318.3
55651.501500848        4326163043.0        1373.5
55651.601500821        4323159901.0          75.6
55651.701500918        4320160438.0        1568.9
55651.801500891        4317164491.0        1442.2
55651.901500864        4314172086.0         960.4
55652.001500836        4311183055.0         762.4
55652.101500934        4308197111.0        1345.0
55652.201500907        4305214936.0        1276.7
55652.301500879        4302236005.0        1321.9
55652.401500852        4299260824.0         999.8
55652.501500824        4296288697.0          57.9
55652.601500922        4293320378.0        1463.8
55652.701500895        4290355222.0        1509.7
55652.801500867        4287394063.0        1252.9
55652.901500840        4284435958.0        1436.1
55653.001500812        4281481457.0        1497.4
55653.101500910        4278530545.0        1419.9
55653.201500883        4275582959.0          57.9
55653.301500855        4272639100.0        1583.4
55653.401500828        4269698597.0        1675.9
55653.501500925        4266761996.0        1365.3
55653.601500898        4263828802.0         812.9
55653.701500871        4260898946.0        1479.5
55653.801500843        4257972856.0        1410.5
55653.901500816        4255050342.0        1495.7
55654.001500914        4252131213.0        1572.5
55654.101500886        4249215834.0        1335.3
55654.201500859        4246303827.0          58.2
55654.301500831        4243395416.0          63.2
55654.401500929        4240491246.0        1083.4
55654.501500901        4237590163.0        1531.2
55654.601500874        4234692729.0        1510.7
55654.701500846        4231799031.0        1068.2
55654.801500819        4228908942.0         603.1
55654.901500917        4226022347.0        1304.4
55655.001500889        4223139325.0        1735.6
55655.101500862        4220260130.0        1809.0
55655.201500834        4217384468.0        1833.7
55655.301500932        4214512811.0        1480.7
55655.401500904        4211644343.0          58.0
55655.501500877        4208780198.0        1636.5
55655.601500849        4205919555.0        1402.8
55655.701500822        4203062142.0        2130.7
55655.801500919        4200209086.0        1472.7
55655.901500892        4197359244.0        1636.8
55656.001500864        4194513367.0        1633.3
55656.101500837        4191671454.0        1384.0
55656.201500934        4188832973.0        1451.9
55656.301500907        4185997974.0          75.2
55656.401500879        4183167262.0        1482.1
55656.501500852        4180340011.0        1816.6
55656.601500824        4177516696.0        1626.8
55656.701500922        4174697113.0        1263.5
55656.801500894        4171881195.0        1574.3
55656.901500867        4169069354.0        1209.0
55657.001500839        4166260908.0        1836.6
55657.101500812        4163456704.0        1342.3
55657.201500909        4160656241.0        1366.9
55657.301500882        4157858940.0        2320.3
55657.401500854        4155066290.0        1461.9
55657.501500827        4152277144.0        1674.5
55657.601500924        4149491976.0        1567.9
55657.701500897        4146710755.0        1530.0
55657.801500869        4143933145.0        1468.2
55657.901500842        4141159366.0        1620.7
55658.001500814        4138389709.0        1947.3
55658.101500912        4135624044.0        1078.0
55658.201500884        4132861754.0        1758.2
55658.301500857        4130104337.0        1386.9
55658.401500829        4127349523.0        1783.3
55658.601500899        4121853234.0        1461.3
55658.701500872        4119110993.0        1285.7
55658.801500844        4116372319.0        1850.0
55658.901500817        4113638127.0         434.1
55659.001500914        4110907636.0        1513.9
55659.101500886        4108180936.0        1470.3
55659.201500859        4105458378.0        1677.4
55659.301500831        4102739456.0        2598.6
55659.401500929        4100025442.0        1394.6
55659.501500901        4097314473.0        2210.3
55659.601500874        4094607991.0        1619.2
55659.701500846        4091905427.0        1572.3
55659.801500819        4089206882.0        1600.8
55659.901500916        4086512535.0          57.4
55660.001500888        4083821899.0        1753.1
55660.101500861        4081135598.0        1677.1
55660.201500833        4078453272.0          66.1
55660.301500930        4075775287.0        1313.9
55660.401500903        4073100904.0        1374.5
55660.501500875        4070430553.0        1514.0
55660.601500847        4067764526.0        1667.9
55660.701500820        4065102621.0        1574.4
55660.801500917        4062444893.0        1255.0
55660.901500889        4059790977.0        1461.0
55661.001500862        4057141591.0        1318.5
55661.101500834        4054496052.0        1097.3
55661.201500932        4051854649.0        1541.4
55661.301500904        4049217244.0        2075.4
55661.401500876        4046584317.0        1523.3
55661.501500849        4043955259.0          58.0
55661.601500821        4041330475.0        2527.6
55661.701500918        4038710252.0        1505.3
55661.801500891        4036093809.0        1821.7
55661.901500863        4033481603.0        1555.8
55662.001500835        4030873373.0        2158.9
55662.101500933        4028269884.0        1575.5
55662.201500905        4025670342.0        1712.4
55662.301500878        4023075136.0        1847.5
55662.401500850        4020484189.0        1430.0
55662.501500822        4017897172.0        1622.1
55662.601500919        4015314623.0        2156.7
55662.701500892        4012736420.0          64.7
55662.801500864        4010162281.0        2008.8
55662.901500836        4007592309.0          74.9
55663.001500933        4005026938.0          58.4
55663.101500906        4002466526.0        1229.5
55663.201500878        3999909143.0        1473.6
55663.301500850        3997357036.0        1079.2
55663.401500823        3994808362.0        1488.7
55663.501500920        3992264246.0        1949.8
55663.601500892        3989724587.0        2077.3
55663.701500864        3987189319.0          58.1
55663.801500836        3984658486.0        1823.6
55663.901500934        3982132210.0        1428.9
55664.001500906        3979609951.0        1462.5
55664.101500878        3977091949.0          58.4
55664.201500850        3974578660.0          58.1
55664.301500823        3972069654.0        1884.3
55664.401500920        3969564773.0          58.1
55664.501500892        3967065052.0        1406.6
55664.701500837        3962077739.0        1401.5
55664.801500934        3959590792.0        1347.3
55664.901500906        3957108173.0        1870.9
55665.001500878        3954630450.0        1227.5
55665.101500851        3952156788.0        1466.7
55665.201500823        3949687487.0        1826.4
55665.301500920        3947223021.0        1487.7
55665.401500892        3944762695.0          58.2
55665.501500864        3942307220.0        1485.1
55665.601500837        3939855797.0        2108.1
55665.701500934        3937409733.0        1309.0
55665.801500906        3934967462.0        1239.5
55665.901500878        3932529527.0        1903.8
55666.001500850        3930096649.0        1677.9
55666.101500822        3927668016.0        2162.7
55666.201500919        3925244299.0        1535.5
55666.301500892        3922824870.0        1252.4
55666.401500864        3920409963.0        1694.7
55666.501500836        3917999652.0          58.0
55666.601500933        3915593968.0        1817.6
55666.701500905        3913192909.0        1685.0
55666.801500877        3910796463.0          56.9
55666.901500850        3908405187.0        1144.2
55667.001500822        3906017461.0        1958.4
55667.101500919        3903635112.0        1210.5
55667.201500891        3901257729.0         715.2
55667.301500863        3898883860.0        1718.3
55667.401500835        3896515428.0         853.7
55667.501500933        3894151574.0         896.5
55667.601500905        3891792142.0        1350.7
55667.701500877        3889437443.0        1078.0
55667.801500849        3887087009.0        1663.9
55667.901500821        3884742077.0        1516.2
55668.001500918        3882401451.0        1553.3
55668.101500891        3880065375.0        1961.1
55668.201500863        3877734570.0        1074.2
55668.301500835        3875408006.0        1534.5
55668.401500932        3873086519.0        1542.8
55668.501500904        3870769471.0        1537.5
55668.601500877        3868457405.0        1634.9
55668.701500849        3866149861.0        1899.4
55668.801500821        3863847459.0        1637.6
55668.901500918        3861549655.0        1883.9
55669.001500890        3859256500.0        1942.5
55669.101500862        3856968403.0        1907.3
55669.201500835        3854684809.0        1831.9
55669.301500932        3852406260.0        1656.8
55669.401500904        3850132700.0          75.3
55669.501500876        3847863813.0        1523.5
55669.601500848        3845599387.0        2309.9
55669.701500820        3843340414.0        1567.8
55669.801500917        3841086082.0        1625.0
55669.901500890        3838836394.0        1564.3
55670.001500862        3836592238.0        1136.5
55670.101500834        3834352157.0        1481.6
55670.201500931        3832117167.0        1974.5
55670.301500903        3829887575.0        1407.7
55670.401500875        3827662341.0        1711.4
55670.501500847        3825442339.0          75.2
55670.601500819        3823227376.0        1214.3
55670.701500916        3821016873.0        1569.8
55670.801500889        3818811520.0        1630.1
55670.901500861        3816611067.0        2086.9
55671.001500833        3814416124.0        1560.1
55671.101500930        3812225285.0        2135.0
55671.201500902        3810039987.0        1582.9
55671.301500874        3807859634.0        1950.9
55671.401500846        3805683989.0        2429.2
55671.501500818        3803513884.0        1623.8
55671.601500915        3801348454.0        1623.5
55671.701500887        3799187724.0          58.1
55671.801500859        3797032656.0        1690.0
55671.901500831        3794882268.0        1683.8
55672.001500928        3792737134.0          57.7
55672.101500900        3790596778.0          58.1
55672.201500872        3788461893.0        1417.6
55672.301500845        3786331826.0        1515.1
55672.401500817        3784206515.0        1683.9
55672.501500913        3782086859.0        1382.8
55672.601500885        3779972057.0        1542.0
55672.701500857        3777862614.0        1125.7
55672.801500829        3775758032.0        1514.6
55672.901500926        3773658737.0         943.3
55673.001500898        3771564197.0        1463.7
55673.201500842        3767391253.0         443.1
55673.501500883        3761170365.0         949.7
55673.701500827        3757049555.0         798.3
55674.001500868        3750905993.0         658.2
55674.101500840        3748868509.0         625.5
55674.201500937        3746836934.0         594.2
55674.401500881        3742788591.0         705.3
55674.601500824        3738761088.0         489.9
55674.901500865        3732760346.0        1032.4
55675.801500862        3715045774.0         399.7
55676.001500931        3711166393.0         450.5
55676.201500875        3707310464.0         711.6
55676.701500859        3697764563.0         527.8
55676.901500927        3693984371.0         645.6
55677.001500899        3692102378.0        1440.1
55677.201500843        3688355515.0         532.3
55677.301500939        3686489898.0         781.7
55677.401500911        3684630830.0         460.3
55677.501500883        3682775935.0         784.3
55677.601500855        3680926847.0         669.5
55677.701500827        3679083891.0         788.3
55677.801500923        3677246399.0         914.7
55677.901500895        3675414521.0         391.5
55678.001500867        3673587072.0        1395.9
55678.101500839        3671766261.0         834.6
55678.201500936        3669950630.0        1170.3
55678.301500907        3668140523.0        1631.5
55678.401500879        3666336164.0          65.0
55678.501500851        3664537809.0         939.8
55678.601500823        3662744578.0         923.8
55679.001500835        3655628723.0         646.3
55679.101500932        3653863659.0         401.8
55679.201500903        3652104759.0         405.8
55679.401500847        3648602885.0         740.8
55679.501500819        3646862655.0         388.1
55679.601500915        3645126161.0         473.0
55679.801500859        3641668537.0         603.5
55680.001500927        3638235740.0         370.2
55680.101500899        3636527456.0         464.1
55680.201500870        3634825016.0         620.8
55680.601500882        3628073752.0         427.3
55680.701500854        3626400346.0        1213.3
55680.801500826        3624732829.0        1309.1
55680.901500922        3623070833.0         369.9
55681.401500906        3614850173.0         375.6
55681.601500849        3611601545.0         626.3
55681.701500821        3609988635.0           0.0
55682.201500929        3601999098.0         552.8
55683.301500867        3584948293.0        1043.1
55683.501500935        3581925652.0        1119.0
55683.601500906        3580422921.0          58.2
55683.701500878        3578927013.0         636.4
55683.801500850        3577437223.0         797.2
55684.001500918        3574474740.0         702.6
55684.101500889        3573002055.0        1457.6
55684.301500833        3570076242.0        1021.0
55684.401500929        3568622221.0        1076.6
55684.501500901        3567174555.0         825.3
55684.601500872        3565733404.0         437.2
55684.701500844        3564297204.0         988.1
55684.801500940        3562867519.0        1345.0
55684.901500912        3561443699.0        1469.8
55685.001500883        3560026619.0        1461.7
55685.301500923        3555811701.0         375.3
55685.401500894        3554418545.0        1137.5
55685.501500866        3553031665.0         415.2
55685.601500837        3551651290.0        1307.1
55685.801500905        3548908570.0         517.0
55686.001500848        3546190716.0         815.2
55686.201500916        3543497672.0         917.5
55686.301500888        3542160866.0         587.7
55686.501500831        3539504593.0        1189.0
55686.701500899        3536874086.0         402.0
55686.901500842        3534267679.0        1149.3
55687.001500938        3532974181.0        1034.5
55687.201500881        3530405729.0        1466.2
55687.301500852        3529130938.0         624.1
55687.601500892        3525344416.0         918.3
55688.001500902        3520383916.0         847.1
55688.101500874        3519159603.0        1062.1
55688.301500817        3516730021.0         765.4
55688.501500884        3514325913.0         502.0
55690.101500926        3496012685.0         537.1
55690.301500868        3493839282.0         603.6
55690.401500840        3492762334.0        1041.5
55690.501500936        3491691728.0         664.8
55690.601500907        3490627746.0        1293.5
55690.901500946        3487474730.0        1248.7
55691.001500917        3486436911.0         423.5
55691.301500831        3483362134.0         686.5
55691.701500841        3479354076.0         441.6
55691.901500909        3477389411.0         546.0
55692.201500822        3474491147.0        1266.9
55692.301500918        3473538681.0        1254.8
55693.101500938        3466153900.0         987.7
55693.201500909        3465260622.0         682.1
55693.301500880        3464373973.0         801.5
55693.501500823        3462620269.0        1706.8
55693.601500919        3461754035.0         664.8
55693.701500890        3460893989.0         969.4
55693.901500832        3459193911.0        1213.2
55694.001500929        3458353804.0         959.7
55694.101500900        3457521403.0         443.2
55694.201500871        3456694035.0         469.6
55694.301500842        3455874025.0        1097.0
55694.401500938        3455060162.0        1532.2
55694.701500852        3452660639.0         670.8
55695.201500833        3448795420.0        1371.9
55695.501500871        3446557216.0         498.6
55695.601500842        3445825359.0         433.1
55695.701500813        3445098718.0         745.2
55695.901500880        3443667779.0         548.9
55696.001500851        3442961626.0        1490.4
55696.101500822        3442262831.0        1096.6
55696.301500889        3440885327.0        1453.3
55696.401500861        3440206962.0        1020.7
55696.501500832        3439535216.0        1026.1
55696.701500899        3438212203.0        1378.6
55696.801500870        3437561792.0         372.8
55696.901500841        3436916248.0        1542.0
55697.101500908        3435648147.0         500.1
55697.301500850        3434406201.0         984.1
55697.501500917        3433192452.0         440.3
55697.601500888        3432595253.0         665.6
55697.801500830        3431422228.0        1223.3
55697.901500926        3430846267.0        1099.0
55698.101500868        3429713968.0        1154.1
55698.301500935        3428608871.0        1445.6
55698.401500906        3428067231.0         976.0
55698.501500877        3427531894.0         802.2
55698.601500848        3427003381.0        1213.8
55698.801500915        3425967509.0         404.8
55698.901500886        3425459518.0        1257.8
55699.001500857        3424958700.0        1149.3
55699.101500828        3424464435.0        1359.9
55699.201500924        3423977314.0        1282.9
55699.401500866        3423023646.0        1554.1
55699.601500808        3422097682.0        1598.9
55699.701500904        3421645601.0         484.8
55699.801500875        3421199148.0        1301.9
55699.901500846        3420760411.0         926.2
55700.101500912        3419903448.0        1335.9
55700.201500883        3419485031.0         878.3
55700.301500854        3419073782.0        1384.9
55700.401500825        3418669598.0        1038.1
55700.501500921        3418271942.0        1309.5
55700.601500892        3417881284.0        1493.9
55700.701500863        3417497993.0         529.0
55700.801500834        3417120738.0        1699.9
55700.901500929        3416751288.0        1249.7
55701.001500900        3416388603.0        1120.6
55701.101500871        3416032401.0          65.0
55701.301500813        3415341565.0         675.5
55701.401500909        3415006119.0        1543.4
55701.501500879        3414678073.0        1540.0
55701.601500850        3414357209.0         499.3
55701.701500821        3414042502.0        1458.7
55701.801500917        3413735325.0         659.0
55701.901500888        3413434834.0        1299.6
55702.001500859        3413141552.0        1499.0
55702.101500829        3412854877.0        1239.4
55702.201500925        3412575398.0         673.1
55702.301500896        3412302865.0         755.4
55702.401500867        3412036964.0        1262.8
55702.501500838        3411778484.0         888.5
55702.601500934        3411526391.0        1530.8
55702.701500904        3411281885.0         366.2
55800.701500901        5732895002.0         459.1
55800.801500870        5736815110.0         579.9
55801.301500839        5756435073.0         502.5
55802.001500870        5783963213.0        1003.3
55802.101500839        5787901320.0         690.2
55802.301500902        5795782094.0         622.1
55802.401500870        5799725075.0         751.0
55803.201500870        5831315063.0         523.3
55803.501500902        5843186131.0         409.5
55804.701500902        5890783538.0         509.2
55805.001500933        5902713407.0        1214.6
55805.201500870        5910673289.0        1049.2
55805.301500839        5914655559.0         750.7
55805.401500933        5918638789.0        1026.1
55805.501500902        5922623383.0         774.0
55805.601500871        5926609335.0        1266.7
55805.801500933        5934585147.0         669.3
55805.901500902        5938575029.0         614.8
55807.201500870        5990561295.0         619.6
55807.601500870        6006600426.0        1073.2
55807.701500839        6010613354.0         721.6
55807.901500901        6018643274.0         651.0
55808.001500870        6022660546.0         867.8
55808.801500869        6054838761.0         572.3
55811.001500929        6143731594.0         374.6
55811.801500929        6176198437.0        1354.4
55811.901500897        6180262054.0        1002.2
55812.001500866        6184326919.0        1103.3
55812.101500834        6188392759.0         594.3
55812.301500897        6196528129.0        1044.5
55812.401500865        6200597493.0        1528.0
55812.501500834        6204668105.0        1299.4
55812.601500928        6208739766.0         568.3
55812.801500865        6216886558.0         938.7
55813.001500927        6225037683.0         379.2
55813.101500896        6229115322.0         399.0
55813.201500865        6233193753.0         715.9
55813.301500833        6237273252.0         936.2
55813.401500927        6241354146.0         646.1
55814.401500863        6282222482.0         588.8
55814.801500863        6298600000.0        1428.5
55815.001500925        6306796129.0         530.6
55815.101500894        6310895225.0        1259.5
55815.201500863        6314995747.0        1146.8
55815.301500831        6319097482.0        1120.9
55815.401500925        6323200088.0        1166.6
55815.501500893        6327303803.0        1038.6
55815.701500831        6335514602.0         927.3
55815.801500924        6339621497.0        1122.5
55816.601500923        6372515632.0         723.3
55816.901500828        6384868408.0         399.9
55817.001500922        6388988013.0         478.1
55817.201500859        6397230557.0         473.7
55817.301500828        6401353239.0        1288.3
55817.401500921        6405477078.0        1072.3
55817.501500890        6409601939.0        1169.2
55817.601500859        6413727779.0         766.6
55817.701500827        6417854742.0        1036.2
55817.801500921        6421982709.0         790.4
55818.001500858        6430241727.0         662.0
55818.101500826        6434372699.0        1246.5
55818.201500920        6438504769.0        1017.1
55818.301500889        6442637559.0        1206.6
55818.401500857        6446771862.0        1187.4
55818.501500826        6450906749.0        1427.9
55818.601500919        6455042873.0         837.9
55818.701500888        6459179893.0         602.6
55818.801500856        6463318389.0        1144.5
55819.001500918        6471597154.0        1302.7
55819.101500887        6475738423.0         633.0
55819.301500824        6484023745.0        1380.2
55819.501500886        6492312910.0        1352.9
55819.601500855        6496458987.0        1256.1
55819.701500823        6500606011.0        1385.2
55819.801500917        6504754208.0        1317.6
55819.901500885        6508903295.0         436.7
55820.001500854        6513053294.0        1405.2
55820.101500822        6517204532.0         703.5
55820.201500916        6521356309.0        1372.2
55820.301500884        6525509498.0         589.7
55820.601500915        6537974283.0         533.8
55820.701500883        6542131500.0         537.8
55820.901500820        6550447805.0        1409.2
55821.201500851        6562930494.0         921.6
55821.301500944        6567092917.0         933.2
55821.601500850        6579586982.0         727.5
55821.701500818        6583753671.0         397.1
55821.901500881        6592089398.0         528.7
55822.001500849        6596258313.0        1381.2
55822.101500943        6600428578.0        1368.8
55822.201500911        6604600144.0         670.6
55822.301500879        6608772239.0        1199.9
55822.401500848        6612945270.0        1352.7
55822.501500817        6617119133.0        1375.8
55822.601500910        6621294397.0        1301.3
55822.701500879        6625470333.0        1295.2
55822.801500847        6629647030.0        1441.2
55822.901500816        6633824859.0        1310.8
55823.001500909        6638003707.0        1192.9
55823.101500878        6642183255.0        1355.6
55823.201500846        6646363947.0        1328.1
55823.301500940        6650545285.0        1440.6
55823.401500908        6654727845.0        1488.9
55823.501500877        6658910872.0        1687.2
55823.601500846        6663095261.0        1375.1
55823.701500939        6667280354.0        1630.8
55823.801500908        6671466523.0        1455.4
55823.901500876        6675653923.0        1312.7
55824.001500845        6679841578.0         956.8
55824.101500938        6684030195.0        1458.7
55824.201500907        6688220499.0         458.2
55824.301500876        6692410742.0        1441.4
55824.401500844        6696602304.0        1177.9
55824.501500938        6700794950.0         556.5
55824.601500906        6704987866.0        1503.7
55824.701500875        6709182446.0         937.4
55824.801500843        6713377302.0        1463.9
55824.901500937        6717573599.0         574.2
55825.001500905        6721770390.0        1322.7
55825.101500874        6725968157.0         548.2
55825.201500843        6730166896.0        1389.1
55825.301500936        6734366646.0         735.3
55825.401500905        6738567129.0         877.4
55825.501500873        6742768213.0        1514.7
55825.601500842        6746970915.0         982.5
55825.701500936        6751173575.0          58.1
55825.801500904        6755377866.0        1415.5
55825.901500873        6759582559.0        1541.9
55826.001500841        6763788536.0         858.7
55826.101500935        6767995305.0        1108.3
55826.201500903        6772202589.0        1398.7
55826.301500872        6776411176.0         615.3
55826.401500840        6780620389.0        1120.9
55826.501500934        6784830316.0        1533.1
55826.601500903        6789041365.0        1242.5
55826.701500871        6793253132.0        1428.2
55826.801500840        6797466070.0         843.8
55826.901500933        6801679401.0        1422.2
55827.001500902        6805894094.0         788.7
55827.101500870        6810109258.0        1441.8
55827.201500839        6814325334.0        1301.1
55827.301500932        6818542721.0        1181.6
55827.401500901        6822760408.0         805.9
55827.501500869        6826979195.0        1231.6
55827.601500838        6831198611.0        1401.6
55827.701500931        6835419062.0        1342.8
55827.801500900        6839640417.0         892.7
55827.901500868        6843862506.0        1441.8
55828.001500837        6848085420.0        1083.3
55828.101500931        6852309181.0        1163.1
55828.201500899        6856533750.0        1188.7
55828.301500868        6860759185.0        1515.6
55828.401500836        6864986162.0         481.7
55828.501500930        6869212629.0        1447.3
55828.601500898        6873440765.0         591.9
55828.701500867        6877669457.0        1138.8
55828.801500836        6881899379.0        1191.1
55829.001500898        6890361099.0        1322.3
55829.101500866        6894592776.0        1677.7
55829.301500928        6903059775.0        1381.6
55829.401500897        6907294424.0        1123.2
55829.501500865        6911529805.0        1224.9
55829.601500834        6915765736.0        1509.1
55829.701500927        6920002847.0        1433.1
55829.801500896        6924240813.0        1458.6
55829.901500864        6928479595.0        1183.0
55830.001500833        6932719151.0         889.7
55830.201500895        6941200323.0        1442.1
55830.301500864        6945442299.0        1345.7
55830.401500832        6949685043.0         822.8
55830.601500894        6958172940.0         651.4
55830.701500863        6962417868.0        1468.5
55830.801500831        6966664056.0         371.2
55830.901500925        6970910752.0         786.3
55831.001500894        6975158159.0        1349.3
55831.101500862        6979406605.0        1090.1
55831.201500831        6983655887.0         831.7
55831.301500924        6987905843.0         587.0
55831.401500893        6992156344.0         703.6
55831.601500830        7000660006.0        1106.3
55831.901500860        7013421633.0         968.5
55832.001500829        7017677101.0         912.2
55832.201500891        7026190040.0        1391.0
55832.301500859        7030447896.0         394.4
55832.401500828        7034706461.0         920.9
55832.501500921        7038965809.0         609.9
55832.601500890        7043225869.0         643.5
55832.701500858        7047486789.0         771.4
55832.801500827        7051748144.0        1241.8
55832.901500920        7056010615.0        1208.7
55833.001500889        7060273731.0        1204.9
55833.201500826        7068802489.0        1109.1
55833.301500919        7073067640.0        1380.5
55833.501500856        7081601037.0         681.2
55833.601500825        7085868737.0        1251.1
55833.801500887        7094406311.0        1322.9
55833.901500855        7098676312.0         522.6
55834.001500824        7102947329.0         584.7
55834.101500917        7107218705.0        1181.6
55834.201500886        7111490986.0        1126.7
55834.401500823        7120037481.0        1400.6
55834.501500916        7124311930.0        1426.5
55834.601500885        7128587374.0        1076.6
55834.801500822        7137140127.0         865.0
55834.901500915        7141417540.0         601.8
55835.001500884        7145695697.0        1109.2
55835.101500852        7149974730.0        1223.8
55835.401500883        7162816009.0         562.7
55835.601500820        7171380321.0         558.3
55835.701500913        7175663664.0         995.4
55835.901500850        7184232599.0         811.1
55836.001500819        7188518260.0         418.0
55836.301500849        7201379140.0        1045.1
55836.401500818        7205667379.0         602.5
55836.601500880        7214246292.0         545.8
55836.901500910        7227120117.0         646.6
55837.001500878        7231412746.0         783.1
55837.101500847        7235706447.0         481.7
55837.201500815        7240000323.0         614.1
55837.301500909        7244295401.0        1031.4
55837.401500877        7248590573.0         732.6
55837.501500846        7252886733.0         573.4
55837.701500908        7261481605.0         442.5
55837.801500876        7265779760.0        1083.9
55837.901500845        7270078661.0        1395.9
55838.501500905        7295887826.0        1008.3
55838.701500842        7304496294.0        1226.2
55838.801500936        7308803090.0         517.8
55838.901500904        7313107408.0        1328.0
55839.001500872        7317414132.0        1192.4
55839.101500841        7321721650.0         900.2
55839.201500934        7326029439.0        1199.8
55839.501500839        7338957819.0        1195.2
55839.701500901        7347579863.0        1208.3
55840.101500900        7364832458.0         407.4
55840.201500868        7369147293.0         614.6
55840.501500899        7382095483.0        1389.5
55840.601500867        7386413188.0         501.2
55840.701500836        7390731265.0         866.1
55840.801500929        7395050027.0         665.3
55840.901500898        7399369550.0         708.9
55841.001500866        7403689814.0         639.8
55841.101500834        7408010527.0         576.7
55841.201500928        7412331868.0         881.0
55841.401500864        7420976907.0         940.4
55841.501500833        7425300054.0        1281.7
55841.801500863        7438274657.0         553.6
55841.901500832        7442600150.0        1475.5
55842.001500925        7446926708.0        1660.5
55842.101500893        7451254246.0        1437.5
55842.201500862        7455581987.0        1680.8
55842.401500923        7464240372.0        1043.3
55842.701500829        7477231747.0        1320.3
55842.801500922        7481563537.0        1430.7
55842.901500891        7485895964.0        1493.1
55843.001500859        7490229302.0        1222.8
55843.101500827        7494562898.0        1325.0
55843.201500921        7498897237.0        1472.8
55843.301500889        7503232476.0         937.6
55843.401500857        7507567981.0        1245.4
55843.501500826        7511904478.0         696.7
55843.601500919        7516241222.0        1323.6
55843.701500887        7520578887.0        1232.0
55843.801500856        7524916916.0        1269.2
55843.901500824        7529255637.0        1447.4
55844.001500917        7533595314.0        1322.0
55844.101500886        7537935324.0        1109.9
55844.201500854        7542275951.0         975.2
55844.301500823        7546617104.0        1580.1
55844.401500916        7550959026.0        1421.1
55844.501500884        7555301740.0        1022.1
55844.601500853        7559645040.0         902.4
55844.801500915        7568332974.0         619.0
55844.901500883        7572677931.0        1283.2
55845.001500851        7577023863.0         398.6
55845.101500819        7581369832.0        1497.0
55845.201500913        7585716840.0        1260.4
55845.301500881        7590064221.0        1308.5
55845.401500850        7594412218.0        1404.5
55845.501500818        7598760904.0        1456.0
55845.601500911        7603110380.0         763.9
55845.701500880        7607460304.0         858.6
55845.801500848        7611810735.0         736.4
55845.901500816        7616162020.0         534.3
55846.001500910        7620513510.0        1380.8
55846.101500878        7624865971.0        1129.8
55846.201500846        7629218750.0        1355.2
55846.301500940        7633572553.0         748.3
55846.401500908        7637926473.0        1439.3
55846.501500877        7642281395.0         922.6
55846.601500845        7646636726.0         860.8
55846.701500938        7650992640.0        1193.1
55846.801500907        7655348807.0        1383.0
55846.901500875        7659706079.0        1253.5
55847.001500844        7664063888.0        1313.8
55847.101500937        7668422091.0        1182.2
55847.201500905        7672781078.0        1040.6
55847.301500874        7677140335.0        1500.1
55847.401500842        7681501949.0         538.2
55847.501500936        7685861266.0         625.1
55847.601500904        7690222593.0         648.1
55847.701500872        7694584232.0        1045.5
55847.801500841        7698946994.0         586.5
55847.901500934        7703309717.0         679.0
55848.001500902        7707673611.0         509.5
55848.201500839        7716402221.0         909.5
55848.301500933        7720767605.0         608.4
55848.501500870        7729500113.0         415.9
55848.701500931        7738234705.0         472.4
55848.801500899        7742603022.0         877.2
55849.001500836        7751340935.0         947.6
55849.101500930        7755711133.0         838.5
55849.201500898        7760081469.0        1046.7
55849.301500866        7764452753.0         695.8
55849.401500835        7768824006.0         625.7
55849.501500928        7773196269.0         773.2
55849.701500865        7781942331.0        1298.6
55849.801500833        7786316330.0         711.6
55849.901500927        7790690973.0        1154.6
55850.001500895        7795065923.0         666.6
55850.101500863        7799441537.0         540.1
55850.201500832        7803817384.0        1452.2
55850.301500925        7808194500.0         403.3
55850.401500893        7812571425.0         442.0
55850.501500862        7816949232.0         885.5
55850.701500924        7825706632.0        1159.5
55850.801500892        7830086121.0        1244.8
55850.901500860        7834466403.0        1239.5
55851.001500828        7838846710.0        1113.5
55851.101500922        7843227834.0         513.8
55851.201500890        7847609546.0        1212.4
55851.401500827        7856374850.0        1372.7
55851.501500920        7860757936.0        1203.0
55851.601500889        7865141884.0         809.2
55851.701500857        7869526024.0        1468.4
55851.801500825        7873911230.0         462.5
55851.901500919        7878296610.0        1284.3
55852.001500887        7882682956.0         452.5
55852.101500855        7887069439.0        1025.1
55852.201500824        7891456598.0        1399.3
55852.401500886        7900232852.0         638.8
55852.501500854        7904621501.0         545.9
55852.601500822        7909010376.0        1514.6
55852.801500884        7917790773.0         594.5
55852.901500852        7922181647.0         520.6
55853.001500821        7926573220.0         958.1
55853.101500914        7930965191.0        1077.1
55853.201500882        7935357647.0        1376.6
55853.401500819        7944144230.0         745.2
55853.501500912        7948538535.0        1107.3
55853.601500881        7952932856.0        1456.8
55853.801500942        7961723953.0        1032.0
55854.001500879        7970516856.0        1201.8
55854.201500941        7979311827.0        1075.0
55854.301500909        7983710175.0         677.5
55854.401500878        7988108826.0        1268.5
55854.501500846        7992508296.0        1336.2
55854.601500939        7996908224.0         750.9
55854.701500908        8001308404.0        1132.4
55854.801500876        8005709072.0        1647.0
55854.901500844        8010110842.0        1020.3
55855.101500906        8018915183.0         390.1
55855.201500875        8023318134.0        1118.5
55855.301500843        8027721627.0         785.9
55855.601500873        8040934823.0        1526.9
55855.701500842        8045340624.0        1312.9
55855.801500935        8049746438.0        1380.3
55855.901500903        8054152965.0        1360.6
55856.001500872        8058560038.0         818.1
55856.101500840        8062967567.0        1075.5
55856.301500902        8071784091.0        1369.4
55856.501500839        8080602935.0        1044.9
55856.601500932        8085012774.0         968.3
55856.701500901        8089423496.0         901.9
55856.801500869        8093834700.0         946.8
55856.901500837        8098245869.0        1044.0
55857.001500931        8102658001.0         559.6
55857.101500899        8107070451.0         753.8
55857.201500867        8111483450.0         978.5
55857.301500836        8115897122.0        1257.3
55857.401500929        8120311103.0         920.7
55857.501500898        8124725659.0        1076.9
55857.601500866        8129140598.0        1287.0
55857.701500835        8133556001.0        1141.4
55857.901500896        8142388392.0         571.2
55858.101500833        8151222907.0         603.5
55858.201500927        8155640846.0        1278.5
55858.301500895        8160059117.0        1291.1
55858.401500863        8164478302.0         939.3
55858.501500832        8168897604.0        1059.6
55858.601500925        8173317879.0         651.2
55858.701500893        8177737831.0         807.1
55858.801500862        8182158684.0         695.3
55858.901500830        8186579985.0         951.7
55859.001500924        8191001804.0         781.1
55859.101500892        8195423957.0        1368.1
55859.201500861        8199846680.0        1388.9
55859.301500829        8204269982.0        1173.4
55859.401500922        8208693630.0        1271.9
55859.501500891        8213118244.0         988.0
55859.601500859        8217542730.0         952.5
55859.801500921        8226393230.0        1510.0
55859.901500889        8230819429.0        1122.1
55860.001500858        8235245909.0         623.3
55860.101500826        8239673249.0         755.2
55860.301500888        8248528647.0         535.2
55860.401500856        8252956990.0        1326.0
55860.501500825        8257385893.0        1471.5
55860.701500887        8266245690.0         376.2
55860.901500823        8275106340.0         695.2
55861.001500917        8279537363.0        1202.2
55861.201500854        8288401431.0        1163.2
55861.401500916        8297266961.0         624.0
55861.501500884        8301700877.0         447.4
55861.601500852        8306134738.0         672.7
55861.701500821        8310569159.0        1288.3
55861.801500914        8315003905.0        1199.6
55862.101500820        8328311475.0        1120.6
55862.201500913        8332748184.0        1336.8
55862.501500818        8346061223.0         440.0
55862.701500880        8354938764.0         732.8
55862.801500848        8359378233.0        1177.4
55862.901500817        8363818192.0         927.8
55863.001500910        8368258655.0         675.0
55863.201500847        8377140767.0         455.8
55863.301500815        8381582370.0         391.4
55863.701500939        8399353647.0         612.9
55863.801500907        8403797423.0        1120.1
55863.901500876        8408241961.0         873.9
55864.001500844        8412686839.0         993.6
55864.401500842        8430470419.0         961.4
55864.501500936        8434917342.0         534.2
55864.601500904        8439364759.0         892.1
55865.001500902        8457158701.0        1252.0
55865.101500871        8461608486.0         759.3
55865.301500933        8470508801.0        1246.4
55865.401500901        8474959877.0        1131.6
55865.501500869        8479411030.0          56.8
55865.601500838        8483862907.0         817.3
55865.801500900        8492767743.0        1049.1
55865.901500868        8497220775.0         917.0
55866.001500836        8501674047.0         663.9
55866.201500898        8510582434.0         749.8
55866.401500834        8519492215.0        1149.6
55866.501500928        8523947803.0        1097.0
55866.601500896        8528403806.0         558.9
55866.701500865        8532860186.0        1186.4
55866.901500926        8541774396.0         912.5
55867.101500863        8550690392.0           0.0
55867.201500832        8555148657.0        1422.8
55867.301500925        8559608019.0           0.0
55867.501500862        8568526788.0         731.4
55867.601500830        8572987052.0         648.2
55867.701500923        8577447647.0         991.7
55868.201500890        8599756606.0         535.0
55868.301500859        8604219932.0         891.1
55868.401500827        8608683281.0        1218.0
55868.701500857        8622076215.0         903.0
55868.901500919        8631006907.0         627.2
55869.401500886        8653340507.0        1027.3
55869.501500854        8657808327.0         539.5
55869.601500822        8662276758.0         620.4
55869.801500884        8671214682.0         810.9
55870.001500821        8680154032.0         598.3
55870.101500914        8684624565.0         873.1
55870.301500851        8693566573.0         375.8
55870.401500819        8698037939.0         421.1
55870.601500881        8706982025.0         409.3
55870.701500850        8711454827.0         624.3
55870.801500818        8715928110.0         422.0
55870.901500911        8720401336.0        1190.5
55871.001500880        8724875336.0         543.2
55871.301500910        8738299297.0         884.7
55871.601500815        8751726714.0         469.4
55871.701500908        8756203227.0         503.6
55871.801500877        8760680742.0         399.4
55872.001500813        8769637573.0         366.1
55872.101500907        8774113716.0         625.1
55872.201500875        8778592144.0         456.4
55872.501500905        8792029934.0        1327.5
55872.601500873        8796509910.0         599.3
55872.701500842        8800990597.0         836.1
55875.701500892        8935578517.0         381.3
55876.601500857        8976018125.0         592.6
55876.701500825        8980513380.0         406.1
55878.701500817        9070490540.0         704.9
55879.001500847        9083999777.0         382.6
55879.101500941        9088502679.0         805.4
55879.401500846        9102015421.0         858.1
