0606201
2018-01-07

-1.3
73.4
767.3
62411.701500927      128526880642.0         381.3
62430.601500886      128519190188.0         375.1
62459.601500934      128508439640.0         456.0
62470.401500843      128504438797.0         369.6
62473.001500879      128503487870.0         615.5
62473.201500881      128503415375.0           0.0
62474.001500893      128503123587.0         502.6
62502.101500853      128493170527.0         473.7
62510.001500926      128490408234.0         400.3
62527.601500942      128484307174.0         364.5
62535.501500872      128482062581.0         389.6
62538.701500897      128481121833.0         390.2
62539.401500902      128480302115.0         436.6
62539.901500906      128481089601.0         413.0
62540.001500907      128480434257.0         378.3
62554.101500890      128476016522.0         360.3
62554.701500894      128475538201.0         394.8
62560.801500939      128474172824.0         380.2
62564.201500839      128473145866.0         376.5
62565.001500845      128472618794.0         374.3
62565.301500848      128472815207.0         521.0
62567.601500865      128472127885.0         398.1
62570.301500887      128471324745.0         478.8
62571.901500900      128470852186.0         400.7
62574.401500922      128470116173.0         418.6
62603.101500923      128461982683.0         400.9
62743.201500900      128430634157.0         421.0
62885.501500846      128413083751.0         370.6
62898.801500937      128412056942.0         371.8
62916.901500867      128411091791.0         367.1
62955.401500912      128409560607.0         391.9
62969.901500940      128409279277.0         398.3
62975.001500901      128409216411.0         390.9
62977.601500881      128409192486.0         474.2
62989.901500902      128409163654.0         416.4
63009.601500945      128409280875.0         484.2
63023.601500905      128409547805.0         384.9
63024.901500889      128409580235.0         439.5
63027.401500857      128409645698.0         406.1
63030.001500948      128409716205.0         459.5
63041.001500920      128410073252.0         495.4
63054.001500870      128410605370.0         427.2
63059.901500913      128410895498.0         401.2
63082.201500842      128412171975.0         431.8
63083.501500949      128412257614.0         395.0
63091.101500839      128412783685.0         412.6
63148.201500854      128418040273.0         425.6
