1003001
2018-01-07
130
-0.9
71.1
767.9
54573.701500887        7353415014.0         378.5
54578.801500826        7153743178.0         397.6
54579.001500779        7146062975.0         413.1
54583.601500833        6968646158.0         401.4
54585.501500890        6896486898.0         389.6
54586.301500829        6865644225.0         396.1
54587.401500823        6824848473.0         412.5
54587.701500878        6813658002.0         323.5
54590.001500841        6727635405.0           0.0
54590.101500817        6723630521.0         428.8
54590.801500779        6697826935.0         403.1
54593.601500874        6594049188.0         413.2
54593.701500851        6590460512.0         407.2
54594.101500882        6575604165.0          84.9
54594.301500835        6567989063.0         376.3
54595.101500774        6539776998.0          95.7
54595.301500852        6532420274.0         348.7
54596.101500790        6502805132.0         371.5
54596.401500845        6492387599.0         402.1
54596.601500798        6484560697.0         393.5
54598.101500823        6430526999.0         390.1
54599.001500863        6398201665.0         440.2
54601.101500872        6323862466.0         395.1
54602.401500819        6277515845.0         435.9
54608.101500864        6080245156.0          52.8
54611.201500892        5975972778.0         323.7
54611.401500845        5969005958.0         373.2
54612.501500838        5933215298.0         394.0
54623.601500871        5580874624.0         338.9
54624.601500886        5550237343.0         424.5
54626.101500784        5505826739.0         376.7
54626.601500791        5491695303.0         558.5
54626.801500869        5485803387.0         963.9
54627.501500829        5464846159.0         380.6
54627.701500782        5459431247.0         589.7
54628.801500898        5427517915.0         515.3
54628.901500874        5424634205.0         427.3
54629.001500851        5421754093.0         525.8
54629.101500827        5418876251.0         460.8
54629.201500804        5416001327.0         884.8
54629.301500780        5413129376.0        1442.4
54629.601500834        5404532123.0         575.0
54629.701500811        5401672377.0         588.3
54631.201500832        5359137386.0        1140.1
54631.501500886        5350712687.0         464.0
54631.601500862        5347910878.0         969.5
54631.701500839        5345111714.0         690.1
54632.201500846        5331163692.0         425.7
54632.501500900        5321803687.0         406.9
54633.401500812        5298005823.0         567.1
54634.301500849        5273437582.0         432.8
54634.601500903        5264393438.0         401.6
54635.101500784        5251817544.0         807.9
54635.201500885        5249129762.0         750.8
54635.301500861        5246445150.0        1082.1
54635.501500814        5241085841.0         572.9
54635.601500790        5238411134.0        1277.7
54635.901500844        5230406496.0        1204.5
54636.001500820        5227745164.0         496.4
54636.101500796        5225086642.0         524.6
54636.201500897        5222431840.0        1076.2
54636.301500874        5219780321.0         487.3
54636.501500827        5214486661.0         500.1
54636.701500903        5209206763.0         579.7
54637.101500808        5198687134.0         511.3
54637.401500862        5190832482.0        1092.5
54637.601500814        5185612790.0        1226.6
54637.701500790        5183008112.0        1210.4
54637.801500891        5180406783.0         844.9
54637.901500867        5177808990.0         706.3
54638.001500843        5175214567.0        1016.8
54638.101500819        5172623351.0         544.6
54639.301500782        5141798040.0        1371.6
54639.401500884        5139251711.0        1415.2
54641.301500803        5091539067.0        1565.1
54641.401500904        5089063236.0        1896.8
54641.501500880        5086591426.0        1427.2
54641.601500856        5084122705.0        1706.9
54641.701500832        5081657836.0        1554.9
54641.801500808        5079196472.0        1947.7
54641.901500784        5076738471.0          58.3
54642.001500885        5074284811.0        1496.6
54643.301500822        5042712424.0        2217.3
54643.401500798        5040309754.0        1586.5
54646.501500803        4967674474.0        1494.3
54646.601500904        4964784679.0         310.0
54648.101500792        4931625125.0        2194.2
54648.201500893        4929405580.0        1490.6
54648.301500869        4927189945.0        1030.0
54648.401500845        4924550372.0         386.6
54648.501500821        4922770052.0        1223.1
54648.601500796        4920565899.0        1566.9
54648.701500897        4918366094.0         897.1
54648.801500873        4916170138.0        1417.5
54648.901500849        4913977651.0        2181.1
54649.001500824        4911790045.0        1153.4
54649.101500800        4909605831.0        1441.3
54649.201500901        4907425984.0        1014.3
54649.301500877        4905249598.0        1399.1
54649.401500853        4903077358.0        1877.7
54649.501500829        4900909495.0        1542.1
54649.601500804        4898745256.0        1674.6
54649.701500780        4896585093.0        2756.0
54649.801500881        4894429281.0        2155.1
54649.901500857        4892277541.0        1487.3
54650.001500832        4890129452.0        1774.2
54650.101500809        4887985723.0        1515.1
54650.201500784        4885845547.0        2520.0
54650.301500885        4883710000.0        1895.6
54650.401500861        4881578458.0        1253.5
54650.501500837        4879450763.0        1436.6
54650.601500812        4877326957.0          58.6
54650.701500788        4875207739.0        1343.0
54650.801500889        4873092077.0          58.4
54650.901500865        4870980794.0        1593.2
54651.001500840        4868873737.0        1501.0
54651.101500816        4866668978.0         101.3
54651.201500801        4864671371.0        1443.8
54651.701500795        4854237724.0        2525.4
54651.801500896        4852163548.0        2072.3
54651.901500872        4850093476.0        1518.3
54652.001500847        4848027459.0        1503.9
54652.101500823        4845965709.0        1264.0
54652.201500799        4843908098.0        1520.1
54652.301500899        4841854634.0         819.1
54652.401500875        4839804928.0        1291.0
54652.501500851        4837759863.0        1514.9
54652.601500827        4835719044.0        1233.6
54652.701500802        4833681936.0        1384.9
54652.801500903        4831649862.0         662.3
54652.901500879        4829620672.0        1534.4
54653.001500854        4827596484.0        1286.5
54653.101500830        4825576358.0        1442.0
54653.201500806        4823560093.0        2371.8
54653.301500781        4821548861.0        1531.9
54653.401500882        4819541573.0        1071.8
54653.501500858        4817538723.0         898.6
54653.601500834        4815539144.0        1379.3
54653.901500886        4809568229.0         496.5
54654.001500861        4807585962.0         663.2
54654.101500837        4805608238.0         840.4
54654.201500813        4803634596.0        1407.4
54654.301500788        4801665518.0        1032.2
54654.401500889        4799700647.0         494.5
54654.501500865        4797740031.0         447.2
54655.101500844        4785602319.0         410.8
54657.201500832        4746225558.0         350.0
54659.201500843        4710585996.0         423.0
54661.401500804        4672746384.0         377.8
54663.601500889        4638192646.0         407.4
54667.001500801        4587925651.0         368.3
54667.701500878        4578417145.0         397.9
54667.901500829        4575382223.0         357.0
54669.001500806        4561406583.0         447.6
54669.501500807        4554500247.0         402.2
54670.801500860        4539244488.0         607.9
54670.901500835        4538054862.0         733.6
54671.101500785        4535690878.0         881.2
54671.201500885        4534516246.0        1078.7
54671.301500860        4533346941.0         787.2
54671.401500836        4532182832.0         579.2
54671.501500811        4531023611.0         860.0
54671.601500786        4529869532.0         614.9
54671.701500886        4528720427.0        1051.3
54671.801500861        4527576656.0        1180.6
54671.901500836        4526437912.0         806.1
54672.001500811        4525304043.0        1186.4
54672.101500786        4524175832.0         669.4
54672.201500887        4523052169.0        1388.0
54672.301500862        4521933924.0         888.6
54672.401500837        4520820540.0         769.0
54672.501500812        4519712675.0         422.3
54672.601500787        4518609399.0        1044.2
54672.801500862        4516418923.0         745.0
54672.901500837        4515331388.0        1387.3
54673.001500812        4514248841.0         181.2
54673.401500837        4509971054.0         345.3
54673.701500887        4506816226.0           0.0
54674.001500813        4503708429.0         443.2
54674.801500862        4495769653.0         381.0
54674.901500837        4494664884.0         610.9
54675.601500788        4487920068.0         676.2
54676.601500787        4478738888.0           0.0
54677.201500887        4473002191.0         393.4
54678.201500886        4465137187.0         399.2
54678.301500860        4464332361.0         230.5
54678.401500835        4463532435.0         440.0
54678.501500810        4462983591.0         216.1
54678.601500785        4461949452.0         427.4
54678.801500859        4460387683.0         829.2
54679.001500809        4458877757.0         376.1
54679.101500784        4458084750.0         324.4
54679.201500884        4457047935.0         372.7
54679.401500833        4455830045.0        1308.4
54679.801500857        4453110660.0         397.2
54680.401500831        4448662910.0         710.7
54680.501500806        4447975501.0         272.2
54680.601500780        4446925526.0         401.6
54680.901500830        4445280600.0         417.9
54681.001500804        4444801273.0         263.0
54681.101500779        4443965641.0         936.9
54681.501500803        4441400129.0         596.9
54681.701500877        4440149683.0         753.3
54681.901500827        4438921060.0         588.4
54682.301500850        4436528647.0         675.2
54682.401500825        4435944066.0        1102.3
54682.601500899        4434791136.0         551.1
54682.801500849        4433660086.0         438.7
54682.901500824        4433102547.0         750.5
54683.201500872        4431463433.0         359.7
54683.301500847        4430927262.0        1577.6
54683.401500822        4430146760.0         276.1
54683.501500797        4429872949.0         845.5
54683.601500896        4429353180.0         793.1
54683.701500871        4428852012.0         280.7
54683.901500820        4427827770.0         405.0
54684.001500795        4427330436.0         406.1
54684.101500894        4426838168.0        1354.2
54684.301500844        4425870466.0        1378.4
54684.401500818        4425394872.0         907.3
54684.601500892        4424459545.0        1413.3
54684.701500867        4424000570.0         698.8
54684.801500842        4423546858.0         576.7
54684.901500816        4423098208.0        1307.6
54685.001500791        4422655984.0         567.5
54685.101500890        4422218178.0        1055.0
54685.201500865        4421786473.0         465.7
54685.301500839        4421359871.0        1245.8
54685.401500814        4420938832.0        1129.1
54685.501500789        4420523327.0         622.0
54685.701500863        4419709003.0         647.1
54686.001500786        4418528291.0         758.6
54686.201500860        4417768720.0         485.3
54686.301500835        4417221432.0         378.5
54686.401500809        4416600255.0         415.7
54686.601500883        4416315333.0         726.0
54686.801500832        4415621714.0         392.7
54687.301500830        4414603403.0         352.9
54687.401500804        4414065850.0           0.0
54687.801500827        4412343925.0         448.3
54688.501500773        4410727827.0         350.2
54691.201500831        4405942034.0         467.4
54691.301500806        4405846310.0        1093.6
54691.401500780        4405756181.0         556.3
54692.301500799        4405194622.0         737.5
54692.501500873        4405130890.0         629.5
54693.001500869        4405068183.0        1009.2
54693.101500843        4405072370.0         996.8
54693.201500817        4405081914.0         681.2
54693.301500791        4405096910.0        1287.6
54693.401500890        4404926570.0         381.8
54693.501500865        4405144123.0         902.3
54693.901500886        4405304464.0         859.3
54694.001500861        4405358402.0         952.6
54694.101500835        4405417822.0         839.4
54694.201500809        4405482802.0        1066.4
54694.301500783        4405553549.0         939.5
54694.401500883        4405629604.0         615.9
54694.501500857        4405711158.0         953.4
54694.601500831        4405798755.0         375.9
54694.801500779        4405989302.0         906.3
54694.901500878        4406093105.0         434.6
54695.001500853        4406202469.0        1000.3
54695.101500827        4406317283.0        1242.5
54695.201500801        4406437868.0        1025.3
54695.301500900        4406563445.0        1327.3
54695.401500874        4406695074.0         628.5
54695.501500848        4406832122.0         796.3
54695.601500822        4406974460.0        1312.2
54695.801500896        4407276157.0          85.0
54695.901500870        4407435391.0         513.9
54696.101500818        4407770426.0         503.1
54696.301500891        4408127310.0         789.7
54696.401500865        4408314102.0         920.0
54696.501500839        4408506570.0         603.5
54696.601500813        4408704117.0        1085.1
54696.801500887        4409116381.0         779.5
54697.001500835        4409551258.0         425.1
54697.101500809        4409776693.0         478.9
54697.301500882        4410243825.0         389.5
54697.501500830        4410733336.0         811.0
54697.801500878        4411509103.0         994.9
54697.901500852        4411778771.0         536.7
54698.001500826        4412053715.0        1388.7
54698.401500847        4413209425.0        1005.9
54698.601500795        4413820292.0         617.6
54701.001500794        4422865821.0         611.1
54701.701500861        4426099179.0         486.8
54702.501500902        4430121744.0        1153.4
54702.601500876        4430649089.0         785.4
54702.701500849        4431181713.0        1139.7
54702.801500823        4431720070.0        1002.5
54702.901500797        4432264534.0         522.4
54703.301500817        4434492836.0         574.9
54703.501500889        4435639894.0         674.4
54703.601500863        4436221389.0        1404.6
54703.701500837        4436808483.0        1559.6
54704.001500883        4438602613.0         470.4
54704.201500831        4439825541.0        1292.3
54704.301500804        4440445568.0        1046.9
54704.401500903        4441070301.0         759.4
54704.701500824        4442977831.0         858.9
54704.801500798        4443624483.0        1369.0
54704.901500896        4444277603.0         390.0
54705.101500844        4445596888.0        1208.7
54705.201500818        4446265006.0         789.9
54705.301500791        4446938578.0         854.0
54705.401500890        4447617681.0         712.7
54705.701500811        4449686791.0         778.4
54705.801500784        4450387325.0         521.1
54705.901500883        4451093165.0        1034.2
54706.001500857        4451804273.0        1149.7
54706.201500804        4453242671.0        1244.2
54706.301500778        4453970247.0        1028.5
54706.401500876        4454702937.0        1024.6
54706.501500850        4455441118.0         612.0
54706.701500797        4456933232.0         997.2
54706.801500896        4457687321.0         966.2
54706.901500869        4458446699.0        1306.2
54707.001500843        4459639601.0         359.8
54707.101500817        4459981512.0        1200.8
54707.201500791        4460756961.0        1605.7
54707.401500863        4462324076.0         667.1
54707.701500784        4464714314.0          75.4
54707.901500856        4466334557.0        1101.3
54708.001500830        4467152362.0        1466.1
54708.101500803        4467976239.0         951.9
54708.201500902        4468804915.0         318.8
54708.301500875        4469638800.0         556.4
54708.401500849        4470478042.0        1002.1
54708.801500868        4473888227.0         558.0
54709.201500887        4477100573.0         280.8
54709.401500834        4479161843.0         927.4
54710.201500872        4486488541.0         583.2
54710.301500845        4487427939.0         801.6
54711.501500777        4499108828.0          73.3
54715.301500888        4541001908.0         397.6
54716.301500870        4553051579.0         401.7
54717.801500842        4573321891.0           0.0
54725.801500797        4694174003.0         188.5
54726.501500855        4704892692.0        1424.1
54726.701500800        4708375384.0        1573.0
54726.901500871        4711876292.0        1420.4
54727.101500816        4715395364.0         873.6
54727.301500886        4718932376.0         591.0
54727.401500859        4720707056.0        1298.0
54728.001500819        4732165016.0         413.8
54730.701500825        4781782227.0        1378.6
54730.901500895        4785636955.0        1573.7
54731.101500840        4789509067.0        1686.7
54731.201500812        4791451608.0        1380.1
54732.801500869        4823112769.0        1225.9
54733.001500813        4827146694.0        1249.6
54733.101500786        4829170052.0         827.5
54735.001500883        4869645980.0         352.4
54737.001500825        4912303174.0         388.4
54739.501500873        4968794993.0           0.0
54739.701500816        4972792863.0         406.5
54740.601500813        4994089871.0         405.7
54742.601500871        5040947586.0         103.4
54743.401500894        5059085961.0        1496.2
54743.601500837        5063952343.0        1675.2
54743.801500780        5068833798.0        1260.9
54744.001500848        5073728943.0        1453.0
54744.701500899        5090977059.0         642.7
54744.901500842        5095937356.0        1124.4
54745.001500813        5098422811.0        1337.1
54745.301500853        5105900594.0        1182.4
54745.401500824        5108400412.0        1180.7
54753.201500827        5315285543.0         591.1
54753.301500798        5318050314.0         374.3
54753.401500894        5320817700.0         662.3
54753.501500865        5323587975.0        1853.4
54753.601500836        5326362271.0        1007.0
54753.701500807        5329138968.0        1405.4
54753.801500903        5331918973.0        1516.4
54753.901500873        5334702313.0        1296.0
54754.201500786        5343070590.0        1327.9
54754.401500853        5348664932.0        1310.4
54754.501500824        5351466451.0          57.8
54754.601500795        5354271290.0        1424.0
54754.701500890        5357079183.0          58.1
54754.801500861        5359890164.0        1975.2
54754.901500832        5362704395.0        1668.8
54755.001500803        5365521319.0        2317.5
54755.101500899        5368341513.0        2268.7
54755.201500870        5371164974.0        1553.0
54755.301500841        5373991242.0        1567.2
54755.401500811        5376820862.0        1326.9
54755.501500782        5379652842.0        1911.3
54755.601500878        5382488089.0          76.4
54755.701500849        5385326656.0        2023.9
54755.801500819        5388168267.0        1851.7
54755.901500790        5391012487.0        2174.5
54756.001500886        5393860179.0        1633.9
54756.101500857        5396710750.0        1405.1
54756.201500828        5399564369.0        1236.2
54756.301500798        5402420686.0        1379.0
54756.401500894        5405280091.0          58.1
54756.501500865        5408142509.0        1663.8
54756.601500835        5411008092.0        1493.6
54756.701500806        5413876346.0          62.6
